1 2N6W 1 0 1 1 SCORE: 72.822 -180.286 118.061 1.696 0.93 4.851 -12.855 13.317 12.902 -2.434 0 -209.205 325.845 0 1 1
2 2N6W 411 1.622 0.7805 0.7794 SCORE: -104.261 -168.754 40.033 4.88 4.271 3.125 -62.203 6.277 24.169 -0.837 0 -208.724 253.502 0 2 10
5 2N6W 414 2.227 0.6661 0.7022 SCORE: -129.739 -174.527 42.957 5.402 4.856 2.498 -61.298 5.974 23.138 -0.863 0 -239.013 261.14 0 5 14
7 2N6W 416 2.355 0.6421 0.6949 SCORE: -138.478 -176.047 44.218 5.367 4.815 2.324 -60.311 5.763 19.733 -0.681 0 -246.242 262.582 0 7 15
81 2N6W 607 2.574 0.6169 0.6654 SCORE: -151.611 -174.396 35.118 5.847 5.866 4.315 -66.368 4.371 25.635 -0.854 0 -243.595 252.449 0 81 16
209 2N6W 651 2.715 0.5993 0.6544 SCORE: -154.78 -177.613 38.073 5.637 5.536 4.849 -66.469 4.269 31.134 -0.543 0 -251.709 252.057 0 209 17
338 2N6W 626 2.874 0.5631 0.6618 SCORE: -161.672 -175.652 31.063 6.044 6.035 5.433 -67.968 4.362 28.872 -0.619 0 -248.355 249.114 0 338 18
348 2N6W 662 2.959 0.5665 0.6471 SCORE: -137.25 -175.149 39.692 5.441 6.008 4.894 -67.552 4.507 32.607 -0.686 0 -234.991 247.979 0 348 19
367 2N6W 758 3.125 0.5383 0.5772 SCORE: -110.459 -174.393 40.474 5.152 11.617 6.43 -72.419 5.558 38.225 -1.538 -2.184 -206.586 239.206 0 367 20
380 2N6W 4 3.502 0.5919 0.6581 SCORE: 26.657 -182.666 110.487 2.041 1.735 4.307 -15.581 10.032 9.851 -2.45 -1.519 -218.545 308.963 0 380 22
381 2N6W 10 3.577 0.5908 0.6875 SCORE: 61.128 -187.442 113.819 2.033 3.503 7.68 -21.751 14.219 10.857 -2.73 -3.465 -204.032 328.436 0 381 23
382 2N6W 5 3.768 0.5678 0.6618 SCORE: 31.846 -182.611 108.648 1.755 2.053 4.641 -21.653 11.493 10.967 -3.688 -1.41 -217.703 319.354 0 382 24
383 2N6W 3 4.545 0.5172 0.6324 SCORE: 16.005 -185.076 99.083 1.895 3.146 7.067 -29.563 10.559 10.03 -0.986 -0.608 -204.091 304.548 0 383 28
384 2N6W 6 4.72 0.5004 0.6176 SCORE: 81.439 -188.614 124.154 1.929 4.972 11.555 -9.942 14.755 11.339 -0.767 0 -214.794 326.852 0 384 30
385 2N6W 209 6.502 0.36 0.4338 SCORE: -352.485 -164.321 11.93 1.515 6.966 1.986 -105.437 5.245 5.787 0 0 -277.066 160.909 0 385 40
