1 1YSV 1 0 1 1 SCORE: -110.384 -73.793 10.598 0.53 1.272 1.794 -36.172 3.277 15.426 -0.893 -3.26 -129.319 100.156 0 1 1
3 1YSV 5 0.205 0.9676 1 SCORE: -113.603 -76.119 11.224 0.529 0.974 1.073 -36.812 1.49 15.392 -1.198 -3.226 -131.358 104.428 0 3 2
7 1YSV 8 0.509 0.9103 0.9907 SCORE: -109.655 -74.502 11.773 0.53 0.801 1.32 -36.16 1.866 15.304 -0.893 -2.219 -129.344 101.87 0 7 3
8 1YSV 2 0.557 0.862 0.9907 SCORE: -114.729 -75.398 11.153 0.54 0.744 1.013 -37.519 1.436 15.166 -1.139 -2.453 -129.671 101.398 0 8 4
10 1YSV 3 0.752 0.8333 0.9722 SCORE: -112.621 -75.509 11.682 0.53 1.043 1.078 -36.601 2.245 15.283 -1.801 -3.309 -131.12 103.859 0 10 5
13 1YSV 7 0.945 0.8177 0.9537 SCORE: -110.131 -74.844 11.179 0.539 0.846 1.22 -35.325 2.042 14.017 -0.719 -3.422 -126.834 101.17 0 13 6
100 1YSV 244 1.171 0.5652 0.9074 SCORE: -147.644 -68.697 6.62 0.575 2.828 -0.068 -41.477 0.809 3.285 -0.1 0 -126.092 74.672 0 100 7
108 1YSV 510 1.265 0.5233 0.8796 SCORE: -75.64 -72.965 16.012 2.848 2.822 0.831 -24.647 1.445 10.054 -0.345 -7.385 -108.09 103.779 0 108 8
227 1YSV 413 1.572 0.4211 0.8333 SCORE: -163.168 -70.714 6.267 0.567 2.888 -0.274 -38.874 1.019 2.29 0 0 -139.536 73.198 0 227 9
242 1YSV 53 1.588 0.4336 0.8241 SCORE: -164.52 -66.969 4.173 0.597 2.087 0.642 -39.984 1.094 3.369 0 -4.587 -139.212 74.269 0 242 10
475 1YSV 92 1.842 0.3834 0.787 SCORE: -156.947 -64.684 4.437 0.626 2.483 0.262 -41.14 2.414 3.688 0 0 -131.214 66.181 0 475 11
763 1YSV 133 2.031 0.4015 0.7963 SCORE: -162.225 -66.67 4.278 0.595 2.275 0.795 -38.481 1.377 2.758 0 0 -140.263 71.11 0 763 12
995 1YSV 51 2.216 0.447 0.8148 SCORE: -157.078 -65.505 5.555 0.597 1.663 -0.1 -37.518 2.881 2.936 0 0 -135.67 68.084 0 995 13
1099 1YSV 287 2.364 0.3377 0.7407 SCORE: -150.243 -64.205 3.749 0.597 2.626 0.391 -39.147 1.324 3.082 0 0 -126.226 67.565 0 1099 14
1131 1YSV 252 2.462 0.4432 0.7963 SCORE: -156.709 -65.196 4.846 0.706 3.336 0.093 -40.459 2.292 2.16 0 -1.418 -131.123 68.055 0 1131 15
1163 1YSV 293 2.703 0.3655 0.7593 SCORE: -159.476 -64.372 3.53 0.577 2.856 0.464 -40.149 1.097 2.269 0 0 -135.486 69.736 0 1163 16
1188 1YSV 412 2.937 0.4221 0.7778 SCORE: -160.397 -65.635 4.237 0.624 2.759 0.98 -37.938 2.057 2.732 -0.427 0 -137.902 68.117 0 1188 17
1200 1YSV 169 3.113 0.3525 0.7593 SCORE: -156.447 -65.618 5.043 0.644 1.91 0.761 -39.106 2.777 3.605 0 0 -133.768 67.305 0 1200 18
1208 1YSV 52 3.234 0.2894 0.6574 SCORE: -161.03 -64.488 4.18 0.619 3.383 0.752 -36.874 1.978 2.449 0 -4.72 -137.384 69.074 0 1208 19
1220 1YSV 289 3.492 0.3564 0.6759 SCORE: -150.571 -64.38 5.907 0.959 5.349 2.053 -41.699 3.186 4.685 0 -3.081 -129.842 66.292 0 1220 20
1227 1YSV 212 3.643 0.3998 0.7315 SCORE: -155.484 -64.462 4.985 0.732 2.044 1.667 -40.994 2.566 3.595 -0.384 0 -132.419 67.186 0 1227 21
1231 1YSV 88 3.744 0.3596 0.7407 SCORE: -150.721 -63.994 5.842 0.582 3.337 0.866 -37.467 1.759 3.052 0 0 -134.748 70.051 0 1231 22
1241 1YSV 328 4.009 0.3542 0.7222 SCORE: -146.287 -63.438 5.587 0.573 2.544 0.074 -36.492 1.095 2.081 0 0 -126.41 68.099 0 1241 23
1243 1YSV 402 4.185 0.4463 0.7407 SCORE: -141.159 -57.512 3.673 0.603 3.745 0.101 -36.556 2.654 2.54 0 0 -125.154 64.747 0 1243 24
1244 1YSV 93 4.22 0.2745 0.6204 SCORE: -157.69 -68.671 6.336 0.881 3.963 2.312 -40.428 2.906 2.318 0 0 -132.286 64.977 0 1244 25
1253 1YSV 411 4.401 0.3587 0.7222 SCORE: -149.681 -59.654 4.432 0.599 3.151 0.735 -38.426 1.422 2.759 -0.067 0 -133.97 69.339 0 1253 26
1268 1YSV 288 4.655 0.3867 0.6852 SCORE: -150.983 -65.355 7.07 0.777 2.731 1.081 -35.851 3.664 5.462 0 -7.668 -130.87 67.976 0 1268 27
1273 1YSV 170 4.824 0.3328 0.7037 SCORE: -159.012 -63.297 5.25 1.113 2.99 0.65 -39.308 2.976 3.513 0 -6.848 -133.126 67.076 0 1273 28
1276 1YSV 213 4.958 0.3838 0.713 SCORE: -158.338 -62.494 3.753 0.604 3.697 0.843 -41.863 1.466 3.572 0 -4.655 -138.892 75.63 0 1276 29
1288 1YSV 165 5.239 0.3575 0.7037 SCORE: -153.593 -62.445 4.424 0.637 2.489 0.72 -38.476 2.529 3.697 -0.127 0 -140.323 73.282 0 1288 30
