1 2LU0 1 0 1 1 SCORE: -3.302 -111.234 76.961 2.587 4.172 2.839 10.795 4.229 0.963 -1.642 -0.199 -184.566 191.794 0 1 1
2 2LU0 421 1.466 0.7218 0.8214 SCORE: -100.958 -122.294 42.447 2.732 5.008 1.409 -47.747 3.968 20.786 0 -0.413 -188.58 181.727 0 2 11
3 2LU0 422 1.732 0.6577 0.7602 SCORE: -104.841 -123.424 45.128 2.802 4.104 1.816 -45.852 4.214 22.014 0 -1.594 -197.493 183.445 0 3 13
15 2LU0 445 1.885 0.6329 0.7449 SCORE: -123.946 -127.556 46.017 3.22 5.446 1.337 -50.79 3.591 14.932 0 -3.157 -206.229 189.243 0 15 14
96 2LU0 476 2.038 0.597 0.7194 SCORE: -123.933 -127.614 45.268 3.24 5.487 1.325 -50.41 3.692 15.144 -0.017 -3.622 -204.858 188.431 0 96 15
146 2LU0 528 2.137 0.5774 0.7194 SCORE: -112.88 -128.437 43.747 3.144 5.648 1.504 -49.121 4.09 19.553 -0.001 -2.643 -199.064 188.698 0 146 16
170 2LU0 552 2.25 0.5558 0.7143 SCORE: -95.228 -128.266 44.476 3.208 5.737 1.445 -49.249 4.016 21.425 0 -2.756 -180.497 185.234 0 170 17
262 2LU0 620 2.491 0.537 0.6735 SCORE: -81.687 -129.045 47.286 3.938 7.073 2.78 -52.706 4.461 22.318 0 -5.603 -168.428 186.238 0 262 18
276 2LU0 668 2.549 0.5267 0.6633 SCORE: -80.531 -131.223 53.985 3.607 6.429 2.79 -51.723 3.917 24.666 0 -4.147 -183.292 194.461 0 276 19
312 2LU0 720 2.692 0.4985 0.6582 SCORE: -68.136 -130.874 52.435 3.834 6.959 3.964 -52.959 4.767 22.816 -0.085 -5.064 -160.007 186.078 0 312 20
384 2LU0 782 2.844 0.4651 0.648 SCORE: -87.82 -128.936 40.295 3.56 7.23 4.279 -51.32 4.535 26.416 0 -5.147 -170.751 182.019 0 384 21
440 2LU0 811 2.958 0.4539 0.6122 SCORE: -76.281 -130.716 51.142 3.662 8.294 3.616 -51.49 5.118 31.267 0 -7.601 -176.858 187.286 0 440 22
477 2LU0 766 3.071 0.4592 0.6173 SCORE: -80.81 -130.459 41.329 3.696 7.303 4.908 -49.252 4.093 24.161 -0.191 -4.568 -166.144 184.313 0 477 23
528 2LU0 934 3.251 0.4558 0.5969 SCORE: -53.244 -128.591 39.162 3.512 10.972 4.276 -53.125 5.258 32 -0.347 -10.008 -146.889 190.537 0 528 24
531 2LU0 938 3.361 0.4377 0.602 SCORE: -37.114 -124.672 40.879 3.426 11.16 4.228 -49.379 5.558 31.81 -0.686 -9.124 -142.042 191.728 0 531 25
534 2LU0 10 3.702 0.466 0.6173 SCORE: -48.248 -112.343 62.758 2.463 4.241 3.13 -12.236 4.341 0.947 0 0 -189.117 187.568 0 534 27
536 2LU0 7 3.891 0.3906 0.5714 SCORE: -27.889 -111.545 65.795 2.317 6.428 3.664 -13.973 3.879 1.061 -1.667 -2.541 -177.878 196.571 0 536 28
537 2LU0 14 4.119 0.4226 0.5867 SCORE: 8.946 -109.565 82.141 2.106 5.707 2.193 -4.658 3.914 1.21 -0.653 -1.335 -164.84 192.726 0 537 30
538 2LU0 17 4.199 0.3801 0.5561 SCORE: -35.486 -108.598 51.067 2.627 7.189 5.613 -5.991 4.274 1.104 -0.158 0 -175.605 182.992 0 538 31
539 2LU0 5 4.386 0.4417 0.5918 SCORE: -20.117 -111.932 71.559 2.63 6.858 2.263 5.659 4.211 1.071 -0.753 0 -185.728 184.046 0 539 32
540 2LU0 15 4.694 0.3873 0.5714 SCORE: -17.65 -111.302 73.185 2.208 7.157 5.123 -11.224 4.15 0.918 -1.246 0 -171.509 184.89 0 540 34
542 2LU0 11 4.777 0.3461 0.5306 SCORE: -7.307 -105.787 75.165 2.254 4.709 3.032 -8.749 4.328 1.05 -0.549 0 -178.459 195.697 0 542 35
543 2LU0 12 5.147 0.3839 0.5459 SCORE: -10.847 -111.197 74.182 2.157 6.277 3.809 0.322 4.043 1.041 -1.821 0 -185.364 195.702 0 543 37
544 2LU0 3 5.166 0.3426 0.5051 SCORE: 16.154 -104.733 69.339 2.991 4.834 4.144 28.718 3.777 1.044 -0.749 -2.581 -172.827 182.196 0 544 38
545 2LU0 4 5.355 0.3927 0.5459 SCORE: -2.574 -106.989 63.992 3.111 4.405 4.003 24.502 4.226 0.914 -0.8 -0.818 -184.166 185.046 0 545 39
546 2LU0 18 5.568 0.3701 0.5408 SCORE: -23.754 -111.163 52.213 3.016 3.999 4.674 17.32 4.477 1.038 -0.158 0 -189.943 190.775 0 546 40
