1 1L1W 1 0 1 1 SCORE: -81.627 -90.363 11.97 0.472 0.613 0.804 -30.87 2.301 10.374 -0.746 0 -116.134 129.952 0 1 1
2 1L1W 402 1.217 0.5946 0.8966 SCORE: -83.477 -81.255 18.355 2.324 1.209 1.047 -24.396 2.146 13.679 -0.332 0 -134.388 118.133 0 2 7
6 1L1W 573 1.362 0.5331 0.8362 SCORE: -86.906 -81.244 21.502 2.34 2.267 0.472 -28.151 2.047 12.695 -0.462 0 -134.469 116.097 0 6 8
38 1L1W 397 1.439 0.5103 0.8362 SCORE: -164.664 -73.585 6.959 0.607 3.129 0.576 -39.522 1.067 2.164 -0.394 0 -145.732 80.068 0 38 9
248 1L1W 321 1.594 0.4995 0.819 SCORE: -187.41 -80.39 4.59 0.679 3.075 0.453 -40.229 1.267 3.044 0 -4.063 -155.637 79.8 0 248 10
457 1L1W 320 1.814 0.4496 0.8017 SCORE: -175.407 -79.009 6.204 0.642 2.433 0.311 -41.954 1.215 3.251 -1.378 0 -150.781 83.657 0 457 11
569 1L1W 280 2.055 0.527 0.8448 SCORE: -172.837 -72.323 6.163 0.682 2.988 0.117 -39.015 1.787 2.901 0 -3.92 -150.772 78.555 0 569 12
674 1L1W 361 2.187 0.3775 0.7586 SCORE: -178.095 -76.181 5.56 0.792 2.119 -0.488 -38.415 2.083 4.036 -0.157 0 -155.623 78.179 0 674 13
806 1L1W 121 2.317 0.4344 0.8017 SCORE: -183.912 -78.174 5.161 0.659 2.267 0.433 -39.816 1.53 2.25 -0.072 0 -153.308 75.156 0 806 14
912 1L1W 318 2.599 0.4355 0.7672 SCORE: -173.38 -72.934 5.142 0.699 1.891 1.389 -38.581 2.396 3.138 -0.86 0 -150.668 75.008 0 912 15
917 1L1W 119 2.652 0.3957 0.75 SCORE: -174.385 -76.034 6.979 0.66 3.018 0.452 -38.215 1.878 3.408 0 0 -154.574 78.041 0 917 16
928 1L1W 360 2.862 0.3797 0.7328 SCORE: -177.188 -80.454 8.616 0.649 1.609 1.162 -41.605 2.392 3.35 -0.153 0 -149.336 76.581 0 928 17
932 1L1W 281 2.999 0.3688 0.6983 SCORE: -172.431 -66.619 4.816 0.912 2.736 1.431 -38.014 3.902 4.37 0 0 -159.185 73.221 0 932 18
941 1L1W 398 3.313 0.2586 0.6466 SCORE: -167.233 -66.695 5.045 0.701 3.515 1.004 -37.974 2.423 2.708 -0.304 0 -149.452 71.796 0 941 19
942 1L1W 81 3.321 0.3356 0.681 SCORE: -182.133 -74.371 5.526 0.66 1.311 0.598 -38.532 2.848 2.907 -0.238 0 -156.066 73.223 0 942 20
951 1L1W 200 3.558 0.2594 0.6034 SCORE: -175.712 -74.075 5.511 0.637 2.502 0.998 -39.664 2.577 4.147 -0.316 -4.409 -150.379 76.76 0 951 21
956 1L1W 191 3.777 0.2953 0.6466 SCORE: -162.885 -69.469 5.156 0.969 3.976 0.363 -36.306 2.078 3.336 -1.201 0 -148.13 76.345 0 956 22
965 1L1W 120 3.984 0.3591 0.7155 SCORE: -175.823 -72.081 6.684 0.801 2.381 1.771 -38.171 3.084 3.571 -0.448 0 -160.109 76.694 0 965 23
968 1L1W 278 4.132 0.3303 0.6724 SCORE: -165.424 -67.815 5.378 1.093 3.602 0.881 -38.369 2.939 3.105 -0.448 0 -153.445 77.656 0 968 24
973 1L1W 160 4.293 0.2465 0.5776 SCORE: -176.696 -74.979 5.725 0.625 3.011 0.177 -39.574 1.543 3.834 -1.122 0 -158.91 82.975 0 973 25
975 1L1W 275 4.504 0.2772 0.5862 SCORE: -161.398 -61.729 5.91 1.28 4.444 1.474 -40.088 3.882 4.029 0 0 -154.713 74.113 0 975 26
978 1L1W 196 4.545 0.28 0.5517 SCORE: -165.749 -72.102 6.14 0.667 3.433 0.82 -37.686 2.845 3.725 -0.342 -4.911 -142.3 73.963 0 978 27
984 1L1W 239 4.761 0.3178 0.6121 SCORE: -170.453 -67.03 5.463 0.69 3.388 1.846 -37.729 3.268 3.542 -0.488 -11.663 -152.007 80.267 0 984 28
998 1L1W 159 5.002 0.2466 0.5603 SCORE: -168.399 -69.093 5.443 0.815 3.133 1.399 -41.138 2.627 2.483 -0.122 0 -148.132 74.187 0 998 29
1002 1L1W 308 5.18 0.3288 0.6121 SCORE: -153.06 -65.447 9.038 0.925 5.427 1.655 -39.901 3.098 3.138 0 0 -142.445 71.452 0 1002 30
1007 1L1W 190 5.292 0.2504 0.5259 SCORE: -161.495 -66.803 4.697 0.653 3.71 1.862 -37.052 1.881 3.006 0 0 -146.179 72.729 0 1007 31
1014 1L1W 401 5.416 0.3607 0.6552 SCORE: -173.11 -69.771 7.126 0.645 3.813 0.547 -41.226 1.892 2.759 0 0 -161.57 82.674 0 1014 32
1019 1L1W 199 5.672 0.2377 0.4914 SCORE: -170.595 -70.086 6.468 0.778 3.363 1.106 -38.444 3.907 3.619 0 -4.031 -152.236 74.962 0 1019 33
1026 1L1W 185 5.874 0.1956 0.4741 SCORE: -154.178 -70.699 14.43 0.783 3.044 1.517 -37.25 5.233 5.803 0 -18.207 -146.328 87.496 0 1026 34
1028 1L1W 38 5.969 0.2742 0.5517 SCORE: -155.546 -77.502 5.4 0.631 3.355 0.434 -38.542 1.931 3.277 0 -3.169 -117.968 66.608 0 1028 35
