1 2LHP 1 0 1 1 SCORE: -134.469 -85.322 8.886 0.819 1.099 3.061 -39.538 8.653 4.058 -1.662 0 -158.986 124.462 0 1 1
2 2LHP 2 0.93 0.7835 0.9324 SCORE: -135.792 -86.253 8.478 0.814 0.997 3.2 -42.12 10.025 3.569 -1.44 0 -160.671 127.608 0 2 6
3 2LHP 6 1.208 0.7824 0.9257 SCORE: -138.233 -87.732 7.127 0.814 1.765 3.274 -41.407 6.687 3.36 -1.469 0 -159.688 129.036 0 3 7
5 2LHP 5 1.338 0.7445 0.9122 SCORE: -136.901 -88.295 8.742 0.82 1.404 3.494 -41.89 6.764 3.917 -1.926 0 -158.288 128.358 0 5 8
6 2LHP 411 1.448 0.6626 0.8378 SCORE: -113.568 -95.334 19.597 2.609 2.387 0.928 -33.298 2.16 17.074 0 0 -170.081 140.39 0 6 9
8 2LHP 7 1.732 0.5579 0.7973 SCORE: -137.072 -86.654 7.812 0.815 1.202 3.133 -39.574 7.474 4.045 -1.354 0 -154.733 120.761 0 8 10
22 2LHP 483 1.886 0.5829 0.777 SCORE: -134.199 -97.789 17.775 3.278 2.397 0.739 -35.866 2.056 14.574 -0.065 0 -178.849 137.551 0 22 11
105 2LHP 428 1.949 0.5685 0.7703 SCORE: -134.842 -98.163 19.005 3.372 2.453 0.826 -36.308 1.879 12.788 0 0 -178.034 137.339 0 105 12
183 2LHP 413 2.111 0.5773 0.7838 SCORE: -131.147 -98.059 18.388 3.337 2.312 0.918 -33.792 1.966 14.645 0 0 -177.96 137.096 0 183 13
243 2LHP 593 2.304 0.4856 0.723 SCORE: -108.204 -95.529 20.276 3.25 2.573 0.604 -33.685 2.023 17.205 -0.369 0 -160.793 136.241 0 243 14
474 2LHP 694 2.449 0.4666 0.7027 SCORE: -105.589 -92.562 18.553 3.279 3.071 1.139 -36.561 2.254 20.286 -0.337 -2.992 -157.697 135.978 0 474 15
614 2LHP 769 2.635 0.4545 0.6757 SCORE: -79.488 -95.027 30.267 3.205 2.83 0.422 -30.007 2.412 19.807 -0.653 -2.68 -148.107 138.043 0 614 16
657 2LHP 4 2.843 0.5508 0.7703 SCORE: -135.538 -86.764 7.82 0.811 0.934 2.879 -38.401 7.337 4.003 -4.262 0 -160.823 130.928 0 657 17
728 2LHP 10 3.113 0.4484 0.6959 SCORE: -138.743 -87.589 8.269 0.822 1.459 3.141 -43.374 5.593 3.024 -1.287 0 -158.745 129.945 0 728 18
749 2LHP 1091 3.209 0.4307 0.6419 SCORE: -65.808 -86.331 18.001 2.976 4.223 1.125 -38.506 2.69 28.873 -0.198 -3.719 -114.094 119.152 0 749 19
774 2LHP 1127 3.395 0.3885 0.6419 SCORE: -49.731 -87.135 24.23 2.743 2.961 0.835 -36.624 3.041 28.465 -0.248 -0.914 -111.323 124.237 0 774 20
778 2LHP 286 4.172 0.3524 0.6081 SCORE: -211.994 -87.618 6.371 0.895 3.245 0.929 -47.15 3.731 4.6 0 0 -187.956 90.96 0 778 24
779 2LHP 9 4.342 0.4147 0.6351 SCORE: -128.938 -85.566 7.185 0.816 1.174 2.89 -40.957 7.543 3.017 -4.07 0 -154.566 133.596 0 779 25
780 2LHP 409 4.807 0.3081 0.5473 SCORE: -208.948 -87.95 14.044 1.936 5.185 -0.46 -48.912 4.139 4.428 -0.481 -4.808 -201.741 105.672 0 780 28
782 2LHP 29 4.993 0.2861 0.5135 SCORE: -171.991 -78.049 8.999 7.548 4.901 1.325 -42.619 7.39 14.327 0 0 -191.906 96.092 0 782 29
783 2LHP 328 5.061 0.2898 0.5405 SCORE: -216.003 -92.605 6.221 0.813 3.166 0.852 -50.703 1.757 4.555 -0.374 0 -187.32 97.635 0 783 30
787 2LHP 325 5.347 0.3344 0.5608 SCORE: -206.304 -87.964 7.901 0.84 3.58 0.732 -51.504 7.062 5.09 0 0 -190.209 98.167 0 787 31
789 2LHP 210 5.548 0.2972 0.5068 SCORE: -227.214 -95.947 6.249 0.844 3.267 -0.341 -54.068 2.322 5.043 -0.14 0 -191.226 96.781 0 789 32
797 2LHP 369 5.69 0.2905 0.5068 SCORE: -214.227 -83.827 5.863 1.069 3.615 1.431 -52.301 4.09 4.966 0 0 -189.637 90.506 0 797 33
803 2LHP 290 5.923 0.2844 0.5 SCORE: -229.988 -94.062 5.633 0.811 2.885 0.77 -52.177 2.621 4.733 0 0 -196.692 95.49 0 803 34
804 2LHP 289 5.974 0.2531 0.4797 SCORE: -214.755 -88.319 5.15 1.022 3.673 0.86 -48.742 3.15 3.963 -0.232 0 -192.276 96.998 0 804 35
808 2LHP 127 6.18 0.2893 0.5203 SCORE: -216.71 -95.492 11.651 0.848 2.764 1.643 -51.46 3.329 5.865 -0.198 0 -196.051 100.39 0 808 36
813 2LHP 287 6.441 0.219 0.4459 SCORE: -213.307 -91.408 7.239 1.301 4.141 0.944 -51.457 4.515 4.129 -0.359 -4.713 -184.203 96.564 0 813 37
815 2LHP 49 6.533 0.2553 0.4459 SCORE: -229.365 -94.362 7.322 1.115 2.786 -0.148 -51.185 2.428 4.714 0 0 -206.548 104.515 0 815 38
819 2LHP 163 6.632 0.2294 0.4122 SCORE: -203.954 -79.873 7.003 1.726 5.757 2.938 -47.397 6.507 6.864 0 0 -205.469 97.991 0 819 39
