1 2MEQ 1 0 1 1 SCORE: 8.069 -39.808 23.933 0.857 2.343 1.529 -1.473 2.668 1.169 -0.174 0 -62.791 79.817 0 1 1
2 2MEQ 8 0.486 0.6987 1 SCORE: 8.517 -38.527 28.326 0.804 1.933 1.396 -3.28 1.979 1.333 -0.01 0 -61.848 76.411 0 2 3
3 2MEQ 10 0.613 0.5249 0.9868 SCORE: 0.794 -40.584 21.418 0.906 2.809 1.405 -4.319 3.776 1.105 -0.004 0 -63.992 78.274 0 3 4
4 2MEQ 4 0.784 0.5867 0.9737 SCORE: -1.645 -40.92 19.407 0.818 2.45 1.528 -8.396 2.828 1.253 -0.592 0 -63.983 83.962 0 4 5
7 2MEQ 7 0.986 0.5263 0.9737 SCORE: -4.261 -40.459 18.772 0.786 2.108 1.659 -10.351 3.007 1.29 -0.449 0 -62.978 82.354 0 7 6
10 2MEQ 6 1.176 0.5174 0.9342 SCORE: 1.005 -41.361 25.013 0.737 2.516 2.276 -6.483 2.943 1.318 0 0 -63.335 77.383 0 10 7
11 2MEQ 411 1.47 0.2685 0.8421 SCORE: -21.503 -35.807 11.122 0.946 1.745 0.633 -16.204 1.613 8.626 0 0 -60.579 66.402 0 11 9
14 2MEQ 1662 1.654 0.2061 0.8158 SCORE: -2.743 -34.366 6.641 0.829 2.558 -0.083 -22.072 3.025 18.632 -0.313 0 -35.352 57.758 0 14 10
31 2MEQ 690 1.906 0.222 0.7895 SCORE: -35.226 -39.964 12.176 1.381 1.953 0.458 -22.098 1.485 8.839 0 0 -63.474 64.018 0 31 11
71 2MEQ 697 2.063 0.1824 0.75 SCORE: -39.131 -39.358 7.617 1.141 1.961 0.458 -24.68 1.333 9.159 0 0 -56.33 59.567 0 71 12
133 2MEQ 655 2.159 0.2368 0.7763 SCORE: -46.095 -40.972 9.099 1.67 1.979 0.218 -22.343 1.313 8.333 -0.706 0 -69.222 64.536 0 133 13
405 2MEQ 642 2.327 0.2125 0.7895 SCORE: -49.853 -39.587 7.576 1.652 2.201 0.306 -23.317 1.41 9.262 -0.489 0 -70.619 61.752 0 405 14
854 2MEQ 539 2.474 0.2269 0.7368 SCORE: -43.342 -39.776 11.337 1.707 2.013 0.227 -22.587 1.389 8.321 0 0 -70.127 64.154 0 854 15
1318 2MEQ 911 2.78 0.1529 0.6974 SCORE: -27.378 -39.601 10.213 1.605 3.275 0.331 -22.615 1.429 12.509 -1.021 -2.291 -53.577 62.366 0 1318 16
1393 2MEQ 909 2.867 0.1592 0.7105 SCORE: -21.278 -40.787 11.005 1.602 2.781 0.495 -22.352 1.402 13.549 -0.562 -2.279 -47.468 61.334 0 1393 17
1493 2MEQ 965 2.994 0.1299 0.6579 SCORE: -11.646 -38.803 11.19 1.641 3.463 -0.393 -23.533 1.601 14.05 -0.311 0 -41.148 60.597 0 1493 18
1572 2MEQ 36 3.256 0.1774 0.6711 SCORE: -100.06 -47.457 8.458 0.745 3.591 1.1 -26.816 2.465 4.25 0 -3.016 -100.882 57.502 0 1572 19
1584 2MEQ 398 3.38 0.1988 0.6447 SCORE: -94.984 -45.225 5.274 0.624 1.75 0.259 -26.314 1.127 2.251 0 0 -84.122 49.392 0 1584 20
1588 2MEQ 311 3.64 0.1486 0.6316 SCORE: -82.891 -41.373 8.946 0.515 2.355 0.792 -26.882 2.55 4.298 -0.012 -3.997 -83.864 53.782 0 1588 21
1589 2MEQ 86 3.951 0.1309 0.5789 SCORE: -106.8 -42.87 5.542 0.457 1.439 0.883 -24.61 1.497 1.588 0 0 -101.054 50.328 0 1589 23
1594 2MEQ 50 4.15 0.1354 0.5789 SCORE: -104.763 -44.415 2.835 0.437 3.568 2.271 -24.239 1.367 1.483 -0.536 -4.782 -88.619 45.867 0 1594 24
1602 2MEQ 410 4.331 0.1573 0.6053 SCORE: -106.613 -41.319 4.337 0.504 3.128 0.951 -25.823 3.82 1.764 -0.216 0 -104.48 50.721 0 1602 25
1604 2MEQ 130 4.381 0.154 0.5658 SCORE: -110.514 -44.571 4.528 0.425 2.493 1.068 -28.546 1.241 2.276 -0.464 -9.359 -94.424 54.819 0 1604 26
1618 2MEQ 360 4.718 0.1793 0.5658 SCORE: -98.567 -41.612 3.115 0.42 1.862 0.836 -25.45 1.542 2.015 0 0 -88.923 47.628 0 1618 27
1619 2MEQ 223 4.829 0.1706 0.5658 SCORE: -88.844 -40.625 5.139 0.419 2.903 0.583 -23.071 1.015 1.279 0 0 -80.372 43.887 0 1619 28
1624 2MEQ 90 4.972 0.1506 0.5526 SCORE: -110.844 -43.15 3.364 0.399 1.478 0.39 -23.864 1.284 2.255 -0.171 0 -104.596 51.766 0 1624 29
1632 2MEQ 87 5.179 0.1432 0.5789 SCORE: -108.199 -40.352 3.453 0.417 1.945 0.849 -24.8 1.911 2.234 0 0 -101.763 47.906 0 1632 30
1640 2MEQ 159 5.295 0.1596 0.5132 SCORE: -102.475 -40.928 3.44 0.435 2.115 0.317 -25.65 1.306 2.507 0 0 -92.651 46.634 0 1640 31
1659 2MEQ 362 5.569 0.1619 0.5658 SCORE: -101.38 -38.429 4.884 0.491 3.902 2.701 -26.057 3.292 3.035 0 -8.923 -89.624 43.347 0 1659 32
1664 2MEQ 128 5.659 0.2273 0.5395 SCORE: -103.691 -43.506 3.311 0.545 1.244 1.184 -24.557 1.939 1.7 0 0 -90.31 44.76 0 1664 33
