1 1UUU 1 0 1 1 SCORE: -52.965 -46.965 6.526 0.352 2.382 0.912 -21.17 2.323 3.677 -1.659 0 -79.135 79.791 0 1 1
2 1UUU 7 0.57 0.646 0.9737 SCORE: -60.027 -45.398 5.724 0.352 2.525 0.487 -20.277 2.81 4.228 -0.864 0 -84.647 75.032 0 2 4
5 1UUU 11 0.817 0.4657 0.9342 SCORE: -58.822 -47.141 6.08 0.349 3.59 0.628 -20.752 2.447 5.847 -2.131 0 -81.77 74.03 0 5 5
7 1UUU 4 0.978 0.4373 0.9342 SCORE: -64.431 -50.412 6.745 0.348 5.5 1.983 -24.487 1.534 3.851 -2.426 0 -83.158 76.09 0 7 6
13 1UUU 8 1.132 0.4192 0.9079 SCORE: -55.264 -49.565 6.518 0.348 4.506 1.276 -19.895 2.34 5.239 -1.819 0 -81.179 76.966 0 13 7
173 1UUU 2 1.285 0.2999 0.8684 SCORE: -54.393 -47.526 6.556 0.354 3.79 0.088 -19.974 2.335 5.654 -1.844 0 -81.21 77.385 0 173 8
356 1UUU 1109 1.461 0.2469 0.8684 SCORE: -50.993 -41.381 5.958 1.261 3.685 2.507 -19.61 1.626 14.878 0 0 -77.897 57.979 0 356 9
752 1UUU 909 1.704 0.2703 0.8158 SCORE: -46.334 -42.038 10.572 1.565 3.585 1.825 -20.561 1.225 13.775 0 0 -80.119 63.837 0 752 10
806 1UUU 12 1.742 0.3351 0.8684 SCORE: -59.726 -44.106 5.061 0.344 2.742 -0.279 -21.037 3.75 3.357 -1.384 0 -84.184 76.01 0 806 11
1012 1UUU 370 2.072 0.3294 0.8816 SCORE: -112.876 -45.718 5.72 0.415 1.16 0.433 -23.987 1.029 2.153 -0.226 0 -105.333 51.478 0 1012 12
1097 1UUU 162 2.231 0.2725 0.8553 SCORE: -119.02 -43.715 3.057 0.409 1.885 0.06 -23.184 0.751 1.718 0 0 -110.898 50.895 0 1097 13
1131 1UUU 92 2.3 0.2545 0.8421 SCORE: -124.542 -43.732 2.278 0.434 1.494 0.184 -27.068 1.473 1.741 0 0 -110.675 49.328 0 1131 14
1229 1UUU 95 2.473 0.2277 0.8158 SCORE: -127.503 -46.367 4.086 0.439 1.665 0.874 -25.685 1.739 1.64 0 0 -120.149 54.253 0 1229 15
1421 1UUU 93 2.694 0.225 0.7763 SCORE: -124.269 -43.834 2.32 0.41 1.837 0.564 -26.581 0.907 1.414 0 0 -111.349 50.041 0 1421 16
1548 1UUU 175 2.859 0.2314 0.7763 SCORE: -124.196 -44.216 2.3 0.408 1.483 0.452 -27.131 0.947 1.588 0 0 -110.778 50.751 0 1548 17
1603 1UUU 255 2.967 0.235 0.7368 SCORE: -123.112 -42.971 2.605 0.443 1.552 0.378 -26.166 1.521 1.766 0 0 -110.594 48.353 0 1603 18
1664 1UUU 135 3.135 0.2093 0.7763 SCORE: -120.469 -45.228 2.452 0.415 1.649 0.438 -26.261 1.037 1.491 0 -8.669 -98.468 50.675 0 1664 19
1715 1UUU 165 3.338 0.2353 0.7895 SCORE: -119.782 -46.012 4.071 0.589 1.16 0.192 -24.628 1.379 3.864 0 0 -114.613 54.216 0 1715 20
1735 1UUU 151 3.566 0.2076 0.75 SCORE: -112.05 -44.602 5.769 0.454 1.29 -0.022 -24.481 1.177 2.016 -0.229 0 -109.764 56.344 0 1735 21
1744 1UUU 208 3.689 0.2023 0.7105 SCORE: -112.634 -42.049 3.748 0.435 2.4 0.584 -22.895 2.36 1.322 0 0 -107.408 48.869 0 1744 22
1759 1UUU 55 3.989 0.1289 0.6053 SCORE: -99.851 -41.673 6.744 0.563 3.538 1.51 -27.489 2.388 2.916 0 0 -97.484 49.136 0 1759 23
1763 1UUU 315 4.109 0.2259 0.7632 SCORE: -110.966 -39.721 3.9 0.469 1.319 0.868 -23.566 2.061 2.494 -0.485 0 -107.41 49.106 0 1763 24
1771 1UUU 83 4.343 0.1743 0.6447 SCORE: -120.254 -41.187 2.577 0.658 2.153 0.344 -20.639 2.952 3.052 -0.284 -10.227 -113.999 54.345 0 1771 25
1777 1UUU 231 4.504 0.118 0.5658 SCORE: -103.628 -35.409 4.255 0.563 3.685 2.41 -24.104 5.208 2.909 0 0 -113.865 50.72 0 1777 26
1785 1UUU 238 4.604 0.2199 0.6711 SCORE: -113.462 -41.822 4.322 0.408 1.271 0.308 -24.062 1.184 2.63 0 0 -113.398 55.696 0 1785 27
1794 1UUU 199 4.859 0.1414 0.6053 SCORE: -107.369 -35.408 2.081 0.998 1.706 1.597 -21.661 4.757 1.861 0 0 -109.634 46.334 0 1794 28
1796 1UUU 237 4.907 0.164 0.6184 SCORE: -113.088 -38.45 2.603 0.515 1.924 0.207 -22.22 1.809 2.169 0 0 -109.803 48.158 0 1796 29
1807 1UUU 275 5.147 0.1829 0.5789 SCORE: -106.794 -43.445 5.669 0.542 3.393 2.226 -27.842 1.679 1.746 0 -4.512 -95.067 48.815 0 1807 30
1811 1UUU 183 5.27 0.0952 0.5 SCORE: -78.136 -31.576 4.625 0.939 3.98 3.001 -20.61 2.543 4.682 0 0 -93.086 47.366 0 1811 31
1813 1UUU 198 5.395 0.1143 0.5263 SCORE: -105.942 -35.158 2.227 0.994 2.947 0.036 -20.925 1.894 1.418 0 0 -108.988 49.614 0 1813 32
