1 2M22 1 0 1 1 SCORE: 5.011 -53.316 27.992 0.894 1.445 1.882 -5.356 3.329 5.621 -0.701 0 -64.936 88.157 0 1 1
3 2M22 3 0.523 0.7387 0.9891 SCORE: -11.689 -52.302 18.364 1.055 1.94 1.602 -6.316 3.365 6.169 -0.854 0 -72.089 87.378 0 3 3
5 2M22 15 0.678 0.5524 0.9891 SCORE: -2.008 -51.117 20.569 1.037 1.356 1.518 -3.147 2.98 5.888 -1.723 0 -69.247 89.878 0 5 4
8 2M22 13 0.744 0.6087 0.9783 SCORE: -3.961 -50.659 23.969 0.646 2.246 2.209 -14.682 3.276 5.784 0 0 -64.822 88.073 0 8 5
15 2M22 8 0.982 0.5512 0.9457 SCORE: -2.847 -50.908 20.41 1.014 2.07 1.776 -7.286 3.691 5.822 -0.631 0 -67.624 88.818 0 15 6
18 2M22 604 1.22 0.3856 0.8804 SCORE: -40.977 -56.013 11.753 1.989 2.146 1.153 -22.512 2.246 10.909 0 0 -77.507 84.86 0 18 7
75 2M22 179 1.321 0.3462 0.8587 SCORE: -134.51 -57.672 3.738 0.519 1.575 1.02 -32.496 1.668 2.448 0 0 -110.181 54.871 0 75 8
206 2M22 173 1.464 0.417 0.8804 SCORE: -128.546 -55.084 3.695 0.497 2.601 0.497 -33.8 1.182 2.218 -0.533 -4.02 -105.674 59.875 0 206 9
296 2M22 722 1.667 0.3351 0.837 SCORE: -69.926 -56.266 10.855 1.97 2.011 0.43 -19.443 1.644 12.678 0 -3.884 -103.173 83.251 0 296 10
330 2M22 260 1.804 0.2927 0.8043 SCORE: -144.816 -57.351 4.286 0.509 1.916 0.162 -32.255 1.123 1.859 0 0 -128.033 62.969 0 330 11
549 2M22 259 2.071 0.2826 0.7935 SCORE: -139.641 -55.535 3.866 0.513 1.864 0.839 -31.736 1.188 2.781 0 0 -123.882 60.462 0 549 12
622 2M22 97 2.144 0.2285 0.7174 SCORE: -136.994 -60.157 6.906 0.529 1.815 0.746 -33.531 1.476 2.506 -0.25 0 -121.774 64.74 0 622 13
907 2M22 60 2.344 0.232 0.7391 SCORE: -138.447 -58.997 3.724 0.516 1.557 0.903 -31.359 1.389 1.428 0 0 -113.948 56.34 0 907 14
1053 2M22 140 2.449 0.2238 0.6957 SCORE: -136.129 -61.083 7.138 0.528 2.297 0.583 -33.323 1.751 3.474 -0.108 0 -119.6 62.212 0 1053 15
1327 2M22 252 2.784 0.2948 0.7065 SCORE: -130.007 -55.125 5.051 0.498 1.98 0.4 -31.776 1.735 2.268 -0.017 0 -114.936 59.916 0 1327 16
1339 2M22 96 2.849 0.33 0.7826 SCORE: -133.466 -56.392 3.477 0.754 3.539 0.255 -31.714 1.373 2.656 0 -2.769 -115.86 61.216 0 1339 17
1367 2M22 220 3.123 0.208 0.6522 SCORE: -132.036 -45.899 3.37 0.723 1.349 1.025 -26.059 3.794 3.186 0 0 -129.958 56.432 0 1367 18
1371 2M22 94 3.149 0.1882 0.6739 SCORE: -132.356 -53.522 3.714 0.534 1.752 0.82 -32.338 2.008 5.043 -0.279 0 -119.676 59.588 0 1371 19
1386 2M22 178 3.41 0.2308 0.6739 SCORE: -134.554 -60.569 7.315 0.492 1.889 0.456 -31.628 0.785 2.743 -0.183 0 -122.036 66.182 0 1386 20
1399 2M22 298 3.649 0.3151 0.7174 SCORE: -131.313 -53.104 3.43 0.502 2.858 1.029 -33.298 1.603 4.662 0 -4.866 -110.757 56.626 0 1399 21
1403 2M22 299 3.796 0.195 0.6739 SCORE: -130.808 -54.426 4.714 0.522 1.58 0.645 -29.715 1.848 2.313 -0.694 -2.389 -115.773 60.568 0 1403 22
1409 2M22 53 3.95 0.3162 0.7609 SCORE: -126.039 -55.104 4.735 0.492 3.407 1.076 -33.781 1.261 2.151 0 0 -110.834 60.558 0 1409 23
1413 2M22 59 4.053 0.1937 0.6087 SCORE: -137.365 -52.015 4.046 0.503 1.836 0.65 -31.143 2.232 2.149 -0.194 0 -122.511 57.082 0 1413 24
1423 2M22 219 4.309 0.2224 0.7065 SCORE: -126.678 -50.289 3.197 0.598 2.164 0.139 -28.885 2.883 3.753 -0.564 -4.971 -118.782 64.078 0 1423 25
1431 2M22 253 4.519 0.2767 0.6304 SCORE: -131.782 -51.873 2.877 0.578 1.346 1.313 -31.849 1.826 2.835 0 0 -115.66 56.824 0 1431 26
1436 2M22 89 4.6 0.1609 0.587 SCORE: -127.079 -50.045 3.957 0.615 3.603 1.565 -30.348 3.978 3.894 0 -3.644 -119.876 59.222 0 1436 27
1447 2M22 172 4.822 0.2936 0.7283 SCORE: -125.834 -54.574 3.534 0.529 2.721 0.452 -33.268 1.788 2.998 0 0 -105.708 55.693 0 1447 28
1450 2M22 375 4.898 0.1789 0.5435 SCORE: -113.543 -47.449 3.914 0.521 3.066 1.571 -29.245 3.626 2.909 -0.059 0 -104.4 52.003 0 1450 29
1451 2M22 122 5.096 0.2117 0.5326 SCORE: -120.148 -49.742 3.574 0.724 3.72 0.556 -30.247 2.98 2.615 0 0 -109.136 54.807 0 1451 30
1456 2M22 300 5.284 0.1882 0.5761 SCORE: -133.276 -55.028 3.693 0.56 4.289 1.531 -31.156 1.801 2.297 0 -8.805 -114.405 61.946 0 1456 31
