1 2LBL 1 0 1 1 SCORE: -16.021 -23.74 3.312 0.418 1.148 1.223 -15.306 1.167 2.205 -0.841 0 -34.645 49.038 0 1 1
2 2LBL 4 0.411 0.6465 1 SCORE: -14.859 -23.296 4.916 0.403 1.188 1.301 -15.896 1.168 2.232 -0.672 0 -37.492 51.288 0 2 3
4 2LBL 8 0.772 0.5124 0.9853 SCORE: -18.967 -25.491 4.498 0.42 1.132 1.391 -15.885 1.188 2.195 -0.873 0 -40.391 52.848 0 4 5
6 2LBL 6 0.999 0.3785 0.9265 SCORE: -15.133 -23.811 4.49 0.399 1.488 1.012 -14.445 1.165 2.215 -0.408 0 -38.545 51.306 0 6 6
7 2LBL 2 1.063 0.3517 0.9118 SCORE: -18.376 -24.796 4.231 0.43 1.103 1.171 -15.692 1.253 2.166 -0.504 0 -42.373 54.635 0 7 7
39 2LBL 120 1.53 0.2091 0.7941 SCORE: -88.696 -36.051 2.149 0.414 0.969 0.439 -23.111 1.763 1.441 -0.34 0 -75.145 38.775 0 39 9
207 2LBL 627 1.703 0.257 0.8088 SCORE: -41.94 -41.063 7.84 1.688 1.691 0.526 -16.331 1.391 10.094 0 -0.83 -67.922 60.975 0 207 10
297 2LBL 124 1.807 0.2237 0.7353 SCORE: -92.339 -36.306 2.334 0.405 0.994 0.014 -22.38 1.291 1.871 0 0 -80.24 39.676 0 297 11
361 2LBL 46 1.931 0.2425 0.7794 SCORE: -90.18 -38.43 4.467 0.405 1.421 -0.3 -22.867 1.103 1.154 0 -4.884 -74.874 42.625 0 361 12
642 2LBL 126 2.158 0.2442 0.7941 SCORE: -93.073 -39.996 3.199 0.387 0.76 0.28 -20.597 1.68 1.555 -0.247 0 -82.743 42.648 0 642 13
971 2LBL 83 2.327 0.1606 0.7353 SCORE: -92.943 -37.342 2.963 0.399 1.626 0.317 -21.327 1.421 2.765 0 0 -86.775 43.011 0 971 14
1276 2LBL 325 2.46 0.1705 0.7206 SCORE: -96.644 -36.832 2.087 0.387 1.081 0.165 -20.905 1.41 1.774 0 0 -88.317 42.506 0 1276 15
1783 2LBL 328 2.761 0.184 0.7059 SCORE: -99.061 -38.436 3.312 0.414 0.904 0.619 -21.202 1.531 1.799 0 0 -87.635 39.635 0 1783 16
1865 2LBL 248 2.941 0.1818 0.6618 SCORE: -94.988 -39.862 3.709 0.355 1.695 0.387 -24.036 1.035 1.572 0 -4.561 -79.802 44.52 0 1865 17
1894 2LBL 166 3.065 0.1803 0.7206 SCORE: -94.818 -41.089 3.432 0.368 1.625 0.102 -23.381 0.739 0.909 0 0 -80.311 42.787 0 1894 18
1931 2LBL 167 3.3 0.1572 0.6618 SCORE: -95.101 -38.235 2.997 0.478 1.955 0.213 -22.215 1.083 1.945 0 -4.624 -83.621 44.923 0 1931 19
1948 2LBL 85 3.413 0.1838 0.6912 SCORE: -94.021 -36.821 2.872 0.513 0.809 0.463 -20.504 1.153 2.463 0 0 -84.791 39.823 0 1948 20
1963 2LBL 88 3.498 0.1912 0.6324 SCORE: -95.733 -38.031 2.401 0.383 1.251 -0.037 -20.427 1.285 1.342 0 0 -84.882 40.982 0 1963 21
2011 2LBL 165 3.836 0.1353 0.6324 SCORE: -94.333 -38.791 3.311 0.43 1.366 0.597 -22.096 1.492 0.552 0 0 -79.084 37.891 0 2011 22
2019 2LBL 168 3.885 0.2089 0.6912 SCORE: -98.656 -37.915 3.503 0.375 1.861 0.427 -21.705 1.299 1.001 0 -6.809 -86.359 45.666 0 2019 23
2041 2LBL 326 4.07 0.1768 0.6618 SCORE: -97.362 -37.356 2.207 0.396 2.193 0.264 -24.327 1.199 1.923 0 0 -85.404 41.543 0 2041 24
2059 2LBL 283 4.275 0.122 0.6029 SCORE: -86.874 -37.111 2.479 0.361 2.571 0.315 -22.312 1.447 0.99 0 0 -77.344 41.731 0 2059 25
2068 2LBL 322 4.371 0.1159 0.5882 SCORE: -91.58 -35.622 2.803 0.493 1.6 0.798 -22.266 1.758 1.91 0 0 -85.402 42.348 0 2068 26
2080 2LBL 125 4.618 0.1735 0.6324 SCORE: -92.473 -38.33 2.75 0.382 1.31 0.184 -21.959 1.417 1.719 0 0 -80.576 40.63 0 2080 27
2089 2LBL 247 4.824 0.1715 0.6324 SCORE: -90.919 -37.22 1.959 0.362 1.259 0.591 -23.05 0.798 1.317 0 0 -75.536 38.6 0 2089 28
2094 2LBL 48 4.901 0.1524 0.5441 SCORE: -93.36 -40.84 2.505 0.37 2.258 0.149 -24.343 0.532 1.616 0 0 -78.772 43.167 0 2094 29
2105 2LBL 324 5.169 0.1347 0.5735 SCORE: -96.023 -37.497 3.669 0.592 1.451 0.533 -22.169 1.45 2.158 0 0 -89.454 43.245 0 2105 30
2110 2LBL 164 5.3 0.1255 0.5294 SCORE: -91.569 -34.505 4.834 0.718 3.617 0.082 -19.098 2.115 2.778 0 -4.969 -89.636 42.495 0 2110 31
2122 2LBL 190 5.488 0.1466 0.5735 SCORE: -81.64 -34.515 3.93 0.392 3.894 1.791 -26.532 2.083 2.268 0 -7.186 -67.97 40.206 0 2122 32
2130 2LBL 193 5.746 0.1178 0.5294 SCORE: -83.195 -35.89 4.438 0.485 2.632 0.599 -24.565 1.851 2.311 0 -4.648 -68.902 38.493 0 2130 33
