1 2QH4 1 0 1 1 SCORE: 31.629 -41.619 43.353 0.591 1.462 0.766 6.08 6.421 4.379 -0.685 0 -66.481 77.362 0 1 1
3 2QH4 9 0.661 0.5222 0.9722 SCORE: 48.52 -41.035 40.218 0.897 1.412 0.675 18.588 6.146 4.468 -0.678 0 -59.721 77.55 0 3 4
4 2QH4 19 0.711 0.4507 0.9861 SCORE: 8.125 -41.225 27.583 0.657 1.405 1.009 0.675 6.287 4.415 -0.005 0 -68.065 75.39 0 4 5
9 2QH4 10 0.898 0.3941 0.9306 SCORE: 25.958 -41.794 30.087 0.913 1.042 1.122 17.16 6.64 4.457 -0.097 0 -66.836 73.264 0 9 6
17 2QH4 18 1.084 0.3785 0.9167 SCORE: 38.751 -42.293 35.909 0.863 1.766 1.054 18.774 6.298 4.503 -0.021 0 -64.976 76.873 0 17 7
19 2QH4 8 1.259 0.3443 0.9167 SCORE: 42.207 -40.17 34.197 0.861 1.269 0.845 24.236 6.371 4.456 -0.694 0 -67.642 78.477 0 19 8
28 2QH4 1307 1.512 0.2156 0.8194 SCORE: -29.921 -40.127 8.66 0.991 2.231 0.65 -17.689 2.864 15.052 -0.63 0 -59.771 57.849 0 28 9
72 2QH4 645 1.676 0.2393 0.8333 SCORE: -38.138 -45.24 11.112 1.25 1.443 0.092 -14.962 2.518 8.728 0 0 -71.773 68.695 0 72 10
322 2QH4 661 1.835 0.2595 0.8194 SCORE: -43.266 -45.24 14.951 1.384 1.291 0.136 -16.999 2.361 8.966 0 0 -76.251 66.136 0 322 11
950 2QH4 379 2.012 0.2032 0.7778 SCORE: -102.562 -43.166 3.915 0.405 1.71 0.301 -27.221 0.737 1.504 0 0 -84.741 43.993 0 950 12
1430 2QH4 179 2.252 0.2578 0.7778 SCORE: -102.293 -45.408 3.113 0.378 2.884 0.548 -26.782 0.782 2.205 0 0 -85.081 45.069 0 1430 13
1493 2QH4 419 2.293 0.2023 0.7361 SCORE: -108.741 -43.309 2.767 0.472 1.458 -0.007 -22.981 0.842 2.454 0 0 -99.615 49.179 0 1493 14
1712 2QH4 417 2.592 0.2012 0.6806 SCORE: -104.396 -41.399 4.203 0.932 1.307 0.604 -23.479 1.787 3.925 0 0 -100.017 47.741 0 1712 15
1718 2QH4 220 2.62 0.2176 0.7222 SCORE: -108.595 -45.018 4.754 0.403 2.209 -0.071 -24.444 1.164 2.605 -0.36 0 -99.271 49.434 0 1718 16
1766 2QH4 100 2.819 0.1554 0.6944 SCORE: -104.13 -41.391 3.728 0.474 1.272 0.897 -24.791 2.085 2.579 0 0 -92.616 43.633 0 1766 17
1789 2QH4 337 3.054 0.1798 0.6806 SCORE: -102.335 -41.961 2.674 0.444 1.451 0.433 -24.441 0.86 1.334 0 0 -83.975 40.845 0 1789 18
1796 2QH4 140 3.163 0.2216 0.6944 SCORE: -109.07 -41.21 2.972 0.432 1.834 -0.152 -23.584 1.288 2.342 0 0 -101.395 48.403 0 1796 19
1828 2QH4 420 3.403 0.1512 0.6667 SCORE: -106.681 -39.774 2.43 0.772 1.812 0.842 -22.333 2.269 1.938 0 0 -100.825 46.187 0 1828 20
1857 2QH4 133 3.629 0.1814 0.6667 SCORE: -99.476 -41.466 2.484 0.386 2.471 0.567 -25.083 0.958 2.217 -0.284 -4.033 -85.512 47.82 0 1857 21
1869 2QH4 59 3.741 0.1797 0.6806 SCORE: -104.494 -41.223 6.817 0.563 2.957 0.078 -25.943 1.762 2.746 0 -11.522 -88.18 47.452 0 1869 22
1881 2QH4 260 3.913 0.1601 0.6111 SCORE: -104.996 -38.237 2.029 0.518 1.948 0.879 -22.306 1.86 1.677 0 -4.749 -91.987 43.371 0 1881 23
1904 2QH4 139 4.164 0.1966 0.6667 SCORE: -101.958 -40.519 2.849 0.41 1.583 0.982 -23.631 1.241 1.406 0 0 -89.406 43.127 0 1904 24
1919 2QH4 418 4.332 0.2046 0.625 SCORE: -103.765 -39.594 2.662 0.789 3.352 0.772 -21.486 2.099 2.133 0 -4.545 -92.397 42.452 0 1919 25
1929 2QH4 380 4.478 0.177 0.6389 SCORE: -104.804 -43.57 2.606 0.406 2.359 0.678 -24.092 1.101 1.784 0 -4.721 -85.455 44.101 0 1929 26
1939 2QH4 92 4.659 0.1837 0.6528 SCORE: -95.023 -37.82 2.54 0.401 2.31 0.761 -24.895 1.799 1.349 0 0 -85.018 43.549 0 1939 27
1943 2QH4 364 4.837 0.1567 0.5833 SCORE: -96.475 -44.39 5.235 0.388 3.613 0.685 -23.419 3.639 3.412 0 -9.326 -84.541 48.23 0 1943 28
1947 2QH4 416 4.936 0.2149 0.625 SCORE: -97.672 -37.172 2.232 1.677 2.437 0.313 -22.56 1.615 1.968 0 -4.991 -89.963 46.771 0 1947 29
1951 2QH4 285 5.112 0.1655 0.6528 SCORE: -92.753 -42.955 3.598 0.871 5.329 2.056 -24.284 3.463 4.162 0 0 -94.778 49.784 0 1951 30
1953 2QH4 254 5.269 0.1633 0.5972 SCORE: -97.504 -41.549 3.748 0.507 2.226 1.077 -24.777 1.76 2.051 0 0 -89.425 46.88 0 1953 31
1961 2QH4 247 5.465 0.1938 0.5694 SCORE: -95.283 -40.633 3.728 0.423 1.522 -0.017 -21.034 1.238 2.86 -0.328 0 -91.284 48.244 0 1961 32
