1 2M8K 1 0 1 1 SCORE: 181.713 -137.306 155.901 1.684 17.674 13.445 16.701 17.525 12.727 -0.986 -2.397 -156.051 242.796 0 1 1
2 2M8K 14 0.737 0.9058 0.9583 SCORE: 153.602 -139.774 147.627 1.596 18.904 15.483 -6.996 16.277 13.036 0 0 -152.29 239.739 0 2 9
5 2M8K 3 0.785 0.892 0.9583 SCORE: 149.967 -140.476 146.588 1.311 20.97 15.023 -12.595 18.72 12.84 -0.66 -1.962 -155.117 245.325 0 5 10
6 2M8K 4 0.886 0.8714 0.9427 SCORE: 219.364 -142.054 172.352 1.469 19.432 14.499 23.781 22.048 13.261 -0.17 -0.982 -156.033 251.759 0 6 11
9 2M8K 10 0.976 0.8503 0.9323 SCORE: 168.479 -140.658 154.241 1.538 22.316 15.385 -2.246 17.418 13.115 -1.429 -2.1 -159.191 250.09 0 9 12
12 2M8K 13 1.073 0.8204 0.901 SCORE: 142.623 -137.153 134.85 1.477 21.874 15.83 -10.909 16.859 13.404 -0.946 -3.897 -149.197 240.432 0 12 13
13 2M8K 15 1.154 0.8337 0.9271 SCORE: 154.617 -144.991 162.942 1.455 21.4 15.831 -31.944 18.54 13.546 -0.983 -1.05 -153.879 253.75 0 13 14
16 2M8K 17 1.216 0.7871 0.8802 SCORE: 166.326 -138.812 143.294 1.58 19.004 15.899 -4.395 19.282 13.018 0 0 -146.714 244.171 0 16 15
18 2M8K 19 1.328 0.7716 0.875 SCORE: 251.593 -144.328 200.748 1.317 22.26 16.629 6.346 17.696 13.415 -0.76 -1.625 -138.596 258.49 0 18 17
19 2M8K 6 1.436 0.7578 0.8594 SCORE: 196.783 -141.893 169.91 1.504 19.113 16.465 -3.751 18.063 12.848 -1.847 0 -146.654 253.024 0 19 18
21 2M8K 421 1.767 0.6503 0.7604 SCORE: -72.999 -120.363 39.467 2.725 8.151 5.083 -50.172 8.779 28.815 0 -0.269 -182.15 186.935 0 21 22
23 2M8K 423 1.949 0.6403 0.7396 SCORE: -68.106 -126.407 40.734 3.118 7.55 5.11 -48.675 8.872 20.512 0 -5.383 -175.702 202.164 0 23 24
25 2M8K 426 2.069 0.6209 0.724 SCORE: -76.383 -127.552 41.863 3.108 7.642 5.123 -49.806 9.104 20.12 0 -6.978 -183.495 204.489 0 25 25
127 2M8K 487 2.139 0.61 0.7292 SCORE: -86.862 -126.535 36.512 3.159 7.542 5.522 -50.389 8.846 18.706 0 -6.312 -184.784 200.871 0 127 26
138 2M8K 622 2.153 0.6086 0.724 SCORE: -83.846 -126.753 40.936 3.744 8.956 6.245 -48.934 5.917 20.608 0 -7.4 -182.058 194.891 0 138 27
240 2M8K 567 2.261 0.5939 0.7188 SCORE: -90.628 -126.624 36.349 3.322 7.591 5.07 -51.874 8.396 21.717 0 -6.705 -188.739 200.869 0 240 28
332 2M8K 621 2.392 0.5909 0.7188 SCORE: -70.169 -128.464 45.789 3.876 8.961 6.739 -46.387 4.577 19.264 0 -7.625 -174.414 197.515 0 332 29
341 2M8K 725 2.404 0.5593 0.7083 SCORE: -62.454 -126.343 35.538 3.248 10.193 6.829 -49.189 4.918 21.303 0 -3.269 -162.581 196.9 0 341 30
354 2M8K 754 2.5 0.5317 0.6719 SCORE: -42.889 -124.256 37.51 3.132 9.502 6.122 -46.431 4.982 29.524 0 -1.61 -151.353 189.989 0 354 31
366 2M8K 758 2.631 0.5098 0.6563 SCORE: -56.397 -125.136 43.171 3.624 9.242 6.103 -54.105 5.815 25.184 0 -1.33 -164.016 195.051 0 366 32
391 2M8K 755 2.692 0.5138 0.6667 SCORE: -45.454 -126.351 45.577 3.433 9.725 5.722 -55.577 6.466 28.35 0 -1.648 -145.895 184.744 0 391 33
418 2M8K 771 2.765 0.4877 0.6563 SCORE: -43.201 -129.334 40.565 3.555 13.219 7.71 -53.574 5.126 29.566 0 -3.567 -151.108 194.64 0 418 34
452 2M8K 786 2.84 0.4829 0.6354 SCORE: -47.74 -128.937 45.972 3.527 12.871 8.323 -51.873 5.213 30.642 0 -4.899 -161.735 193.155 0 452 35
477 2M8K 784 2.915 0.4697 0.6406 SCORE: -45.856 -128.82 42.504 3.425 13.653 8.589 -54.121 5.58 28.704 0 -5.016 -153.454 193.1 0 477 36
494 2M8K 788 2.988 0.4677 0.625 SCORE: -31.557 -128.93 47.407 3.573 12.72 8.792 -52.996 5.151 30.532 0 -3.761 -148.824 194.78 0 494 37
509 2M8K 888 3.12 0.4248 0.6198 SCORE: 38.682 -129.855 50.489 2.789 19.45 10.972 -63.848 9.705 43.372 -0.165 -1 -99.227 196 0 509 38
517 2M8K 912 3.188 0.4418 0.5938 SCORE: 50.168 -126.501 45.002 3.26 22.804 10.974 -65.115 12.683 59.999 -0.333 -10.892 -95.202 193.488 0 517 39
525 2M8K 927 3.237 0.4269 0.5938 SCORE: 67.841 -118.357 49.606 3.255 19.116 10.965 -59.316 16.815 75.855 0 -6.169 -101.697 177.769 0 525 40
