1 2NBY 1 0 1 1 SCORE: -107.317 -121.08 71.156 0.81 3.263 -0.486 -50.335 1.429 1.384 -0.987 0 -184.819 172.348 0 1 1
3 2NBY 8 0.607 0.9012 0.9872 SCORE: -126.813 -116.367 58.083 0.789 2.9 -0.522 -51.185 1.544 1.479 -0.549 0 -186.115 163.131 0 3 4
4 2NBY 9 0.85 0.8355 0.9551 SCORE: -122.673 -118.275 60.702 0.785 2.901 -0.559 -51.282 2.073 1.414 -1.223 0 -187.986 168.777 0 4 5
6 2NBY 371 1.109 0.7573 0.8974 SCORE: -114.878 -104.505 22.195 2.555 3.086 1.387 -35.189 2.171 14.173 -0.032 0 -168.866 148.146 0 6 7
8 2NBY 7 1.275 0.7119 0.8846 SCORE: -115.779 -117.499 64.664 0.792 3.026 -0.647 -50.838 1.897 1.372 -2.405 0 -184.809 168.667 0 8 8
9 2NBY 475 1.526 0.6412 0.8141 SCORE: -117.681 -107.892 24.779 3.122 3.519 0.823 -37.883 2.301 18.844 -0.103 0 -177.766 152.576 0 9 9
106 2NBY 499 1.691 0.6179 0.8205 SCORE: -136.414 -107.399 24.23 3.754 3.578 0.687 -39.143 2.107 15.508 0 0 -183.721 143.987 0 106 10
150 2NBY 512 1.844 0.5925 0.8077 SCORE: -138.562 -106.658 21.293 3.731 3.55 0.225 -39.907 2.398 14.814 0 0 -181.165 143.157 0 150 11
162 2NBY 523 2.009 0.5588 0.7885 SCORE: -136.138 -106.192 21.1 3.772 3.917 0.382 -40.588 2.568 16.529 0 0 -179.82 142.195 0 162 12
183 2NBY 542 2.193 0.5512 0.7628 SCORE: -139.632 -105.771 18.878 4.035 4.132 0.441 -39.295 2.165 17.281 0 0 -185.207 143.709 0 183 13
215 2NBY 553 2.412 0.5289 0.75 SCORE: -131.663 -105.774 18.218 3.626 4.224 0.176 -39.316 2.171 20.284 0 0 -182.594 147.321 0 215 14
287 2NBY 570 2.547 0.5305 0.75 SCORE: -138.073 -102.24 17.33 3.902 4.506 0.488 -41.369 2.423 19.312 0 0 -182.224 139.799 0 287 15
400 2NBY 561 2.64 0.5336 0.7436 SCORE: -137.747 -101.801 18.638 3.823 4.481 0.565 -40.367 2.326 17.01 0 0 -179.872 137.451 0 400 16
534 2NBY 646 2.769 0.5068 0.7308 SCORE: -125.86 -103.934 20.909 4.155 5.779 0.33 -41.024 2.449 22.398 0 0 -175.567 138.647 0 534 17
665 2NBY 665 2.961 0.4973 0.7179 SCORE: -110.298 -101.473 24.203 3.881 5.275 0.501 -39.091 2.756 20.679 0 0 -167.058 140.029 0 665 18
700 2NBY 801 3.159 0.4918 0.7115 SCORE: -75.598 -95.764 21.936 3.486 4.623 1.069 -38.205 2.861 25.403 0 0 -131.252 130.244 0 700 19
704 2NBY 946 3.334 0.4171 0.6538 SCORE: -56.184 -93.085 29.51 2.74 5.184 -0.099 -35.805 2.897 31.298 -0.494 0 -133.92 135.59 0 704 20
705 2NBY 290 3.561 0.4976 0.6987 SCORE: -209.545 -98.511 9.737 0.817 4.712 -0.411 -55.044 1.354 3.189 0 -2.817 -176.314 103.743 0 705 21
706 2NBY 49 4.275 0.38 0.6026 SCORE: -230.924 -98.758 6.836 0.941 2.887 1.3 -55.214 3.135 3.9 0 0 -194.643 98.691 0 706 25
707 2NBY 210 4.395 0.4382 0.6346 SCORE: -220.533 -94.058 9.037 1.223 4.346 0.812 -60.484 3.669 4.547 -0.08 -4.587 -186.957 101.999 0 707 26
709 2NBY 168 4.594 0.3802 0.5833 SCORE: -220.501 -95.803 7.339 1.367 6.449 1.742 -54.023 5.7 8.149 0 -13.991 -194.293 106.864 0 709 27
711 2NBY 287 4.813 0.3376 0.5385 SCORE: -206.006 -87.886 6.804 0.89 5.175 2.622 -56.184 4.353 4.284 0 0 -182.779 96.715 0 711 28
713 2NBY 129 4.962 0.5036 0.6795 SCORE: -215.673 -90.753 12.864 0.835 5.074 2.407 -51.68 3.491 5.733 0 -8.76 -201.314 106.43 0 713 29
715 2NBY 250 5.128 0.3371 0.5449 SCORE: -212.631 -90.457 7.407 1.183 2.906 0.696 -49.083 6.636 3.528 0 -4.54 -187.568 96.662 0 715 30
717 2NBY 368 5.29 0.2414 0.4615 SCORE: -206.495 -96.453 15.086 0.889 6.244 0.987 -58.062 2.867 4.372 -1.275 -12.752 -177.671 109.273 0 717 31
719 2NBY 87 5.468 0.3826 0.5705 SCORE: -206.316 -95.567 7.655 0.987 4.036 1.567 -54.344 2.74 5.323 0 -7.087 -173.561 101.936 0 719 32
720 2NBY 163 5.662 0.364 0.5449 SCORE: -208.792 -90.455 8.848 1.164 5.57 0.054 -53.183 5.399 4.668 0 0 -199.088 108.231 0 720 33
721 2NBY 273 5.768 0.3914 0.6026 SCORE: -157.64 -85.838 16.544 1.045 8.128 1.853 -54.245 3.976 13.907 -0.196 0 -160.162 97.349 0 721 34
722 2NBY 90 5.895 0.3385 0.5256 SCORE: -218.344 -91.937 6.145 0.938 4.115 1.385 -53.511 3.555 4.048 0 0 -188.805 95.724 0 722 35
724 2NBY 288 6.105 0.3866 0.5897 SCORE: -206.873 -92.691 6.45 0.988 6.763 2.121 -57.054 2.774 3.819 0 -7.567 -165.153 92.677 0 724 36
