1 2LK3 1 0 1 1 SCORE: -48.265 -60.95 23.533 0.546 3.663 -0.111 -23.542 1.959 0.516 -0.221 -3.237 -85.263 94.843 0 1 1
2 2LK3 3 0.176 0.9531 1 SCORE: -45.223 -61.173 25.198 0.536 3.627 -0.113 -23.586 1.972 0.515 0 -3.174 -84.948 95.922 0 2 2
3 2LK3 10 0.673 0.8398 0.9792 SCORE: -49.772 -60.942 21.839 0.496 3.126 -0.248 -24.641 2.024 0.487 0 -2.908 -85.589 96.583 0 3 4
7 2LK3 4 0.8 0.7422 0.9583 SCORE: -54.594 -60.431 19.71 0.499 3.475 0.472 -27.427 1.722 0.58 0 -2.745 -81.259 90.811 0 7 5
9 2LK3 411 0.985 0.5142 0.9479 SCORE: -65.338 -61.797 12.011 1.418 3.553 0.902 -22.413 1.23 9.681 0 -1.991 -97.049 89.116 0 9 6
17 2LK3 576 1.215 0.4151 0.8854 SCORE: -72.151 -62.18 13.239 2.256 3.946 0.348 -23.934 1.357 10.942 0 -2.905 -99.712 84.492 0 17 7
66 2LK3 587 1.292 0.4162 0.8958 SCORE: -78.066 -61.969 11.208 2.369 3.687 -0.107 -23.952 1.322 10.507 0 -3.71 -100.964 83.542 0 66 8
285 2LK3 533 1.533 0.328 0.8229 SCORE: -76.294 -61.827 12.497 1.955 3.23 0.705 -25.179 1.225 9.796 0 -2.11 -99.87 83.285 0 285 9
339 2LK3 88 1.711 0.3326 0.8229 SCORE: -148.033 -63.42 5.623 0.504 3.317 0.043 -34.206 0.775 2.294 0 -3.839 -124.128 65.005 0 339 10
396 2LK3 289 1.853 0.3234 0.8021 SCORE: -150.026 -62.646 5.519 0.535 3.138 0.041 -35.033 1.059 1.949 -0.144 0 -129.397 64.955 0 396 11
426 2LK3 127 1.982 0.3932 0.8333 SCORE: -150.035 -61.853 5.11 0.525 2.15 0.464 -34.31 1.596 2.632 -0.414 0 -133.183 67.25 0 426 12
463 2LK3 90 2.155 0.3312 0.7917 SCORE: -152.225 -64.689 9.057 0.576 3.063 0.636 -34.375 1.704 3.113 0 -0.935 -138.296 67.921 0 463 13
511 2LK3 129 2.335 0.3845 0.7917 SCORE: -150.916 -60.307 5.041 0.598 2.705 1.247 -34.888 2.16 2.903 0 0 -136.848 66.474 0 511 14
571 2LK3 370 2.485 0.4054 0.8021 SCORE: -154.165 -58.535 3.194 0.555 2.629 1.034 -34.126 0.893 1.814 0 0 -137.604 65.979 0 571 15
752 2LK3 130 2.787 0.3366 0.75 SCORE: -151.741 -61.81 3.679 0.526 2.35 0.473 -33.067 1.124 3.156 0 0 -132.996 64.824 0 752 16
771 2LK3 166 2.821 0.3712 0.7396 SCORE: -147.524 -59.528 4.74 0.515 2.258 0.374 -32.88 1.984 2.704 0 0 -132.534 64.841 0 771 17
1017 2LK3 367 3.06 0.314 0.7292 SCORE: -147.061 -61.367 5.523 0.529 2.153 0.565 -35.075 1.811 3.05 -0.199 0 -132.289 68.238 0 1017 18
1104 2LK3 49 3.158 0.4008 0.75 SCORE: -150.318 -64.726 5.843 0.535 2.621 0.18 -35.52 1.098 3.354 -0.005 0 -133.024 69.327 0 1104 19
1262 2LK3 329 3.473 0.2271 0.6667 SCORE: -140.804 -58.998 4.034 0.549 2.679 1.665 -32.63 2.571 3.82 0 0 -124.303 59.811 0 1262 20
1278 2LK3 157 3.524 0.2152 0.6458 SCORE: -134.043 -56.48 5.878 0.579 3.614 0.876 -34.168 3.697 2.849 0 -4.994 -115.455 59.562 0 1278 21
1297 2LK3 41 3.714 0.3619 0.7188 SCORE: -143.119 -55.739 2.798 0.533 2.616 0.269 -33.866 0.929 2.339 0 0 -125.559 62.562 0 1297 22
1311 2LK3 274 3.928 0.208 0.6146 SCORE: -133.908 -51.494 4.572 0.518 2.361 0.745 -31.767 2.29 2.41 0 -4.837 -116.999 58.292 0 1311 23
1320 2LK3 359 4.125 0.3801 0.7083 SCORE: -137.189 -60.436 6.96 0.652 3.547 0.555 -33.914 0.996 2.566 -0.287 -2.594 -125.376 70.141 0 1320 24
1322 2LK3 354 4.201 0.2535 0.625 SCORE: -132.162 -57.819 5.198 0.724 6.226 3.231 -35.856 3.27 3.754 -0.312 0 -126.983 66.404 0 1322 25
1333 2LK3 158 4.524 0.2762 0.625 SCORE: -134.096 -59.13 6.509 0.529 2.481 0.228 -31.862 2.66 2.944 -0.134 0 -127.112 68.791 0 1333 26
1334 2LK3 324 4.602 0.2302 0.625 SCORE: -127.051 -51.866 4.403 0.541 2.896 0.965 -34.63 2.948 1.876 0 -4.731 -105.95 56.496 0 1334 27
1340 2LK3 366 4.842 0.2913 0.6771 SCORE: -143.089 -58.398 3.594 0.535 2.732 0.619 -36.524 1.498 2.461 0 0 -119.675 60.071 0 1340 28
1345 2LK3 86 4.971 0.3653 0.6979 SCORE: -146.092 -57.875 4.152 0.574 3.51 1.173 -34.169 3.621 2.524 -0.6 0 -132.934 63.932 0 1345 29
1356 2LK3 38 5.207 0.2652 0.6354 SCORE: -140.684 -53.938 5.009 0.503 3.541 -0.088 -29.787 1.077 1.548 0 0 -132.801 64.251 0 1356 30
1366 2LK3 126 5.367 0.3309 0.6667 SCORE: -148.983 -60.77 5.083 0.529 2.585 0.147 -35.635 1.244 3.03 0 0 -132.937 67.739 0 1366 31
