1 2N2P 1 0 1 1 SCORE: 8.595 -39.461 25.323 1.064 2.911 1.078 -7.484 5.127 2.019 -3.206 -4.628 -60.593 86.444 0 1 1
2 2N2P 411 1.19 0.3799 0.9022 SCORE: -4.514 -39.454 25.657 0.92 2.7 0.645 -19.019 3.025 9.944 0 -8.401 -63.277 82.745 0 2 7
5 2N2P 413 2.065 0.349 0.8478 SCORE: -33.427 -46.745 17.843 1.194 3.119 0.366 -22.392 1.936 7.423 0 -8.382 -66.581 78.793 0 5 12
15 2N2P 512 2.145 0.3797 0.8478 SCORE: -37.47 -45.337 15.184 1.176 2.878 0.368 -23.987 2.032 8.794 0 -11.062 -64.505 76.988 0 15 13
178 2N2P 554 2.346 0.2862 0.7826 SCORE: -34.423 -47.141 17.425 1.257 3.1 0.381 -23.723 1.96 9.078 0 -9.809 -66.511 79.559 0 178 14
283 2N2P 596 2.603 0.2438 0.7391 SCORE: -30.433 -46.952 19.226 1.621 3.136 0.089 -23.412 2.056 9.13 0 -9.847 -57.411 71.931 0 283 15
350 2N2P 773 2.721 0.2436 0.75 SCORE: -32.793 -47.113 13.398 1.325 3.954 0.336 -24.09 1.884 11.747 0 -8.348 -56.385 70.498 0 350 16
544 2N2P 958 2.966 0.2111 0.7174 SCORE: -28.786 -47.307 11.631 1.404 5.644 0.902 -25.303 2.418 14.192 0 -10.968 -51.274 69.875 0 544 17
643 2N2P 959 3.071 0.206 0.6957 SCORE: -24.125 -47.982 9.299 1.684 5.313 1.107 -25.604 2.315 18.295 0 -8.478 -45.55 65.474 0 643 18
873 2N2P 987 3.242 0.1693 0.6522 SCORE: -24.059 -49.519 10.78 1.526 6.04 0.688 -24.37 2.015 21.234 0 -10.158 -53.748 71.453 0 873 19
1124 2N2P 1196 3.442 0.1992 0.6522 SCORE: -15.369 -49.431 16.045 1.312 5.968 0.964 -23.172 2.698 19.214 0 -14.598 -49.153 74.783 0 1124 20
1175 2N2P 1225 3.538 0.2175 0.6848 SCORE: -12.097 -49.999 11.091 1.452 6.67 1.124 -28.726 2.934 19.642 0 -6.482 -43.753 73.951 0 1175 21
1208 2N2P 1198 3.726 0.178 0.6522 SCORE: -8.274 -54.2 19.177 1.213 6.804 1.727 -25.2 5.032 19.706 0 -10.675 -50.898 79.04 0 1208 22
1211 2N2P 6 4.929 0.4729 0.7717 SCORE: 44.584 -40.648 47.829 0.916 4.302 0.69 -6.07 4.896 2.388 -2.6 -3.771 -59.717 96.371 0 1211 29
1212 2N2P 4 5.177 0.4383 0.7283 SCORE: 27.219 -41.09 37.213 0.858 4.001 2.07 -15.546 7.13 3.148 -1.541 -1.645 -51.43 84.052 0 1212 30
1213 2N2P 5 5.871 0.479 0.7826 SCORE: 23.526 -37.628 35.505 0.918 3.132 1.104 -13.465 6.639 2.539 -2.519 0 -54.258 81.559 0 1213 34
1214 2N2P 186 6.065 0.1706 0.5326 SCORE: -102.728 -45.812 5.895 0.562 2.692 0.859 -30.127 3.505 3.348 0 0 -98.961 55.31 0 1214 35
1216 2N2P 40 6.474 0.1591 0.4891 SCORE: -106.502 -50.075 6.066 0.596 3.464 1.698 -33.616 2.667 2.397 0 -3.69 -89.442 53.431 0 1216 38
1217 2N2P 315 6.688 0.1401 0.5326 SCORE: -109.773 -48.659 4.659 0.536 2.999 0.007 -31.846 4.164 1.777 -0.439 0 -97.046 54.075 0 1217 39
1221 2N2P 189 6.986 0.1603 0.5 SCORE: -105.198 -56.124 6.75 0.516 2.108 0.41 -34.379 1.05 2.932 -0.001 0 -83.89 55.428 0 1221 40
