1 2K66 1 0 1 1 SCORE: 31.756 -66.704 51.649 1.293 5.069 3.184 13.03 3.672 6.956 -0.962 0 -94.16 108.728 0 1 1
3 2K66 18 0.33 0.7892 1 SCORE: 19.023 -66.138 49.873 1.107 4.848 1.233 4.913 3.515 6.925 -0.29 0 -93.757 106.795 0 3 2
10 2K66 6 0.452 0.7706 0.9886 SCORE: 23.649 -65.79 52.417 1.083 4.768 0.965 4.52 3.548 6.852 -0.945 0 -91.751 107.983 0 10 3
17 2K66 5 0.679 0.5867 0.9773 SCORE: 18.994 -66.058 51.384 1.109 4.523 0.664 4.635 3.557 6.831 -0.496 0 -94.455 107.301 0 17 4
18 2K66 8 0.719 0.5484 0.9773 SCORE: 21.773 -66.648 53.387 1.074 4.719 1.245 2.769 3.566 6.876 -0.994 0 -92.866 108.645 0 18 5
20 2K66 16 0.887 0.5342 0.9318 SCORE: 45.595 -65.972 68.551 0.968 4.02 0.276 12.823 3.643 6.987 -1.111 0 -95.373 110.783 0 20 6
96 2K66 524 1.195 0.4198 0.8977 SCORE: -68.415 -59.461 8.541 2.17 3.335 0.816 -20.572 1.219 7.612 0 -4.363 -86.166 78.453 0 96 7
214 2K66 97 1.348 0.3226 0.8409 SCORE: -141.569 -58.921 4.525 0.464 2.627 0.024 -32.118 0.493 2.16 0 -3.062 -122.437 64.676 0 214 8
234 2K66 60 1.441 0.2992 0.8523 SCORE: -147.396 -58.607 3.11 0.487 2.131 0.911 -32.479 1.409 2.348 0 -3.72 -120.205 57.218 0 234 9
634 2K66 340 1.708 0.2797 0.8068 SCORE: -146.245 -58.643 3.023 0.475 2.422 0.24 -32.586 0.585 1.787 0 -2.986 -122.601 62.038 0 634 10
797 2K66 140 1.826 0.2695 0.7841 SCORE: -148.394 -58.75 3.731 0.487 1.953 0.759 -31.381 0.855 1.819 0 -2.028 -126.832 60.993 0 797 11
1034 2K66 139 2.035 0.2519 0.7614 SCORE: -146.649 -58.896 3.009 0.471 2.249 -0.225 -32.205 0.683 2.09 0 0 -127.639 63.813 0 1034 12
1121 2K66 216 2.11 0.2319 0.7386 SCORE: -144.362 -60.098 4.895 0.479 2.405 0.377 -30.823 1.051 1.499 0 -3.473 -119.91 59.236 0 1121 13
1333 2K66 136 2.314 0.2381 0.7273 SCORE: -145.483 -60.955 5.334 0.467 2.299 -0.077 -32.269 0.606 2.534 0 -3.109 -122.464 62.151 0 1333 14
1442 2K66 99 2.576 0.2183 0.7159 SCORE: -144.786 -59.214 4.43 0.462 2.262 0.332 -30.551 0.761 1.415 0 -3.384 -121.874 60.576 0 1442 15
1477 2K66 56 2.719 0.2419 0.7159 SCORE: -142.23 -59.954 4.634 0.469 2.294 0.042 -32.218 0.824 2.659 0 -2.206 -122.679 63.905 0 1477 16
1511 2K66 138 2.924 0.1809 0.6932 SCORE: -146.402 -58.792 3.419 0.495 1.879 0.532 -29.464 1.621 1.347 0 -3.197 -120.478 56.235 0 1511 17
1518 2K66 126 2.996 0.1938 0.6932 SCORE: -141.85 -60.408 4.908 0.47 2.524 0.307 -31.794 0.995 2.455 0 -3.705 -119.48 61.877 0 1518 18
1542 2K66 286 3.283 0.2031 0.6932 SCORE: -135.817 -56.467 3.252 0.465 2.055 -0.008 -31.603 0.691 3.039 -0.234 0 -120.153 63.146 0 1542 19
1555 2K66 47 3.385 0.1958 0.6591 SCORE: -134.001 -55.211 6.26 0.454 2.844 -0.437 -29.3 0.853 2.632 -0.558 0 -127.311 65.772 0 1555 20
1560 2K66 258 3.486 0.1514 0.6705 SCORE: -130.733 -52.811 3.832 0.513 1.833 1.258 -28.214 1.964 2.137 0 -4.268 -113.28 56.302 0 1560 21
1571 2K66 314 3.789 0.2045 0.6705 SCORE: -115.113 -47.657 3.855 0.477 2.816 0.223 -27.985 3.738 1.786 -0.465 0 -105.704 53.804 0 1571 22
1572 2K66 116 3.816 0.1967 0.6818 SCORE: -129.024 -56.38 7.108 0.504 1.631 0.666 -29.614 2.004 3.817 -0.538 -4.345 -121.291 67.414 0 1572 23
1583 2K66 250 4.028 0.2082 0.6477 SCORE: -120.819 -48.107 3.591 0.998 3.154 0.954 -29.334 2.197 1.862 -0.249 0 -109.172 53.288 0 1583 24
1586 2K66 37 4.211 0.2041 0.6023 SCORE: -123.953 -47.75 3.099 0.499 2.775 0.914 -28.057 1.903 2.004 -0.124 -3.57 -110.702 55.055 0 1586 25
1592 2K66 199 4.489 0.1697 0.6364 SCORE: -125.752 -53.047 4.695 0.63 1.878 0.962 -30.408 3.702 2.284 0 0 -109.6 53.151 0 1592 26
1601 2K66 397 4.619 0.1356 0.6023 SCORE: -113.4 -42.103 2.76 1.164 3.078 1.085 -26.873 2.705 1.865 0 -4.663 -100.56 48.143 0 1601 27
1604 2K66 241 4.783 0.1495 0.6136 SCORE: -115.584 -42.095 2.573 1.044 2.341 1.83 -25.257 3.369 3.09 0 -4.67 -111.324 53.516 0 1604 28
1606 2K66 186 4.857 0.1855 0.6023 SCORE: -93.849 -48.448 8.754 0.737 5.473 1.614 -28.273 3.812 8.431 -0.556 -3.227 -105.131 62.967 0 1606 29
1612 2K66 252 5.176 0.1361 0.5682 SCORE: -121.391 -47.119 3.7 0.707 3.366 2.379 -30.785 6.761 1.856 0 0 -110.752 48.496 0 1612 30
