1 2MNC 1 0 1 1 SCORE: 12.118 -33.646 32.318 0.334 1.027 0.953 -12.445 4.285 0.559 -0.318 -0.03 -44.181 63.261 0 1 1
2 2MNC 375 1.271 0.3002 0.8906 SCORE: -7.877 -32.695 16.961 0.825 0.778 0.246 -9.411 4.663 7.924 0 -4.146 -54.135 61.115 0 2 8
5 2MNC 293 1.452 0.2435 0.8438 SCORE: -91.228 -36.647 2.058 0.425 1.085 0.096 -21.277 0.962 1.797 0 0 -80.297 40.572 0 5 9
99 2MNC 250 1.686 0.192 0.7813 SCORE: -86.441 -36.591 3.869 0.425 0.911 0.308 -22.214 1.263 2.488 -0.419 0 -79.989 43.506 0 99 10
121 2MNC 458 1.769 0.2492 0.8281 SCORE: -12.567 -34.364 14.863 0.798 0.961 0.349 -10.504 1.757 5.693 0 -7.034 -50.805 65.719 0 121 11
433 2MNC 291 2.005 0.2214 0.7813 SCORE: -89.352 -36.452 2.377 0.342 1.651 0.411 -20.376 0.94 1.273 -0.558 0 -80.396 41.434 0 433 12
816 2MNC 289 2.256 0.2421 0.7656 SCORE: -89.331 -35.349 2.653 0.352 1.74 0.126 -22.706 1.198 1.72 -0.289 0 -80.715 41.94 0 816 13
1080 2MNC 332 2.43 0.1997 0.7344 SCORE: -85.378 -33.138 2.672 0.466 2.259 -0.451 -20.122 0.904 1.802 0 0 -78.731 38.962 0 1080 14
1142 2MNC 253 2.475 0.1759 0.7188 SCORE: -89.905 -37.344 3.921 0.346 1.237 0.087 -21.019 0.831 1.069 -0.364 0 -80.459 41.789 0 1142 15
1571 2MNC 53 2.728 0.2099 0.75 SCORE: -90.453 -35.093 2.768 0.339 1.852 0.094 -20.623 0.781 1.695 0 0 -80.544 38.277 0 1571 16
1701 2MNC 290 2.829 0.2421 0.7344 SCORE: -89.074 -34.531 1.841 0.351 2.257 0.019 -20.8 0.743 1.46 -0.001 0 -80.657 40.244 0 1701 17
1940 2MNC 294 3.122 0.2194 0.75 SCORE: -94.359 -35.627 2.291 0.363 1.34 0.436 -21.762 1.232 1.613 0 0 -85.46 41.216 0 1940 18
1980 2MNC 248 3.237 0.1631 0.6719 SCORE: -86.253 -35.66 3.541 0.353 1.332 0.357 -19.846 0.759 2.093 0 0 -80.004 40.822 0 1980 19
2008 2MNC 369 3.496 0.1818 0.6875 SCORE: -85.213 -35.061 2.086 0.362 1.759 0.805 -18.68 1.798 2.31 -0.306 0 -77.894 37.609 0 2008 20
2009 2MNC 54 3.531 0.1892 0.6563 SCORE: -91.488 -35.577 2.159 0.374 1.637 0.55 -21.372 1.259 1.221 0 0 -80.136 38.397 0 2009 21
2041 2MNC 134 3.836 0.2652 0.7344 SCORE: -89.559 -38.317 1.814 0.354 1.332 0.438 -21.489 0.641 1.344 -0.171 0 -75.225 39.719 0 2041 22
2045 2MNC 282 3.91 0.1787 0.6875 SCORE: -85.54 -34.994 2.444 0.367 1.669 0.59 -21.496 1.495 1.538 -0.344 0 -75.352 38.544 0 2045 23
2053 2MNC 292 4.024 0.2219 0.6719 SCORE: -90.921 -34.554 3.914 0.356 2.262 0.133 -20.598 0.818 1.613 0 0 -88.707 43.84 0 2053 24
2076 2MNC 171 4.293 0.222 0.7344 SCORE: -86.251 -34.782 3.198 0.393 2.502 0.11 -22.341 1.043 1.333 -0.368 -4.069 -75.136 41.865 0 2076 25
2093 2MNC 374 4.512 0.1584 0.6563 SCORE: -88.925 -38.026 2.534 0.369 2.13 0.809 -21.938 1.134 1.733 0 0 -74.06 36.389 0 2093 26
2098 2MNC 94 4.572 0.2083 0.6563 SCORE: -86.798 -34.507 1.787 0.357 1.783 0.673 -22.221 1.09 1.265 0 -3.622 -70.093 36.69 0 2098 27
2119 2MNC 370 4.788 0.2116 0.7031 SCORE: -84.208 -38.186 2.67 0.346 2.356 0.188 -22.467 0.479 1.171 -0.248 0 -70.003 39.483 0 2119 28
2130 2MNC 169 4.955 0.1946 0.6406 SCORE: -85.283 -37.492 4.926 0.358 2.306 0.732 -19.719 1.629 2.467 -0.745 0 -89.045 49.299 0 2130 29
2147 2MNC 174 5.21 0.1841 0.625 SCORE: -87.318 -32.732 2.225 0.379 1.797 0.622 -20.893 1.665 1.516 0 -10.344 -70.539 38.987 0 2147 30
2157 2MNC 157 5.412 0.2173 0.5938 SCORE: -77.879 -33.212 2.889 0.362 2.074 0.545 -19.918 2.372 1.739 0 0 -73.96 39.229 0 2157 31
2162 2MNC 241 5.46 0.1896 0.5781 SCORE: -85.433 -29.374 3.032 0.473 2.052 0.858 -19.45 1.773 2.276 0 -4.519 -83.521 40.967 0 2162 32
2175 2MNC 199 5.732 0.1562 0.6094 SCORE: -74.249 -30.682 2.441 0.447 2.21 0.538 -21.202 1.593 0.936 0 0 -64.77 34.24 0 2175 33
2183 2MNC 362 5.918 0.1878 0.625 SCORE: -80.441 -32.82 2.928 0.346 2.178 0.457 -18.891 1.502 1.986 0 -3.943 -74.257 40.074 0 2183 34
2184 2MNC 212 5.958 0.1488 0.5469 SCORE: -85.614 -33.562 5.196 0.918 4.319 1.586 -25.911 1.881 3.76 -0.271 -4.472 -79.988 40.93 0 2184 35
2195 2MNC 317 6.293 0.1524 0.5313 SCORE: -77.476 -28.377 2.217 0.615 4.065 1.555 -23.086 2.24 2.838 0 -4.369 -74.625 39.45 0 2195 36
