1 4A4S 1 0 1 1 SCORE: -58.233 -51.782 12.281 0.538 3.101 1.081 -22.498 2.854 0.654 0 0 -105.265 100.804 0 1 1
2 4A4S 6 1.467 0.3137 0.8636 SCORE: -44.321 -47.796 11.798 0.718 3.112 0.809 -17.931 1.868 0.567 0 0 -97.277 99.811 0 2 9
6 4A4S 7 1.606 0.4971 0.8636 SCORE: -57.827 -47.434 11.472 0.577 3.445 1.016 -20.328 1.723 0.584 0 0 -107.975 99.093 0 6 10
38 4A4S 3 1.891 0.2817 0.7614 SCORE: -49.887 -51.976 17.272 0.537 3.476 1.628 -20.287 2.389 0.834 -0.176 0 -104.433 100.849 0 38 11
95 4A4S 408 2.002 0.2308 0.7955 SCORE: -83.52 -61.368 10.889 2.234 2.795 0.505 -20.076 1.165 10.55 0 0 -115.878 85.664 0 95 12
168 4A4S 320 2.109 0.1545 0.7273 SCORE: -130.966 -50.443 5.257 0.783 2.396 0.328 -28.999 2.603 2.648 0 -4.619 -121.302 60.383 0 168 13
912 4A4S 398 2.341 0.1981 0.7614 SCORE: -129.094 -59.08 5.968 0.494 1.572 0.451 -31.124 1.075 1.854 -0.501 0 -112.644 62.842 0 912 14
1314 4A4S 166 2.55 0.2711 0.7727 SCORE: -152.115 -58.766 3.764 0.485 2.085 0.014 -31.491 0.687 2.432 0 0 -137.458 66.133 0 1314 15
1369 4A4S 71 2.641 0.1664 0.7273 SCORE: -138.737 -58.411 6.853 0.478 1.219 0.345 -31.448 0.78 3.846 -0.492 0 -130.263 68.356 0 1369 16
1430 4A4S 47 2.903 0.2239 0.7045 SCORE: -154.148 -58.575 3.86 0.479 1.432 0.225 -31.446 0.739 2.498 0 0 -137.531 64.171 0 1430 17
1437 4A4S 165 2.978 0.2109 0.6932 SCORE: -149.956 -60.659 7.278 0.649 1.661 0.105 -31.005 1.203 2.752 0 0 -137.813 65.873 0 1437 18
1456 4A4S 46 3.147 0.2433 0.7273 SCORE: -153.016 -58.266 3.543 0.478 1.499 0.054 -30.215 0.683 2.358 0 0 -137.44 64.291 0 1456 19
1502 4A4S 86 3.442 0.2024 0.6364 SCORE: -148.303 -57.923 3.871 0.486 1.394 0.416 -29.915 0.794 2.135 0 0 -130.358 60.797 0 1502 20
1514 4A4S 83 3.49 0.2409 0.7045 SCORE: -145.844 -59.606 6.419 0.472 1.754 -0.05 -29.045 0.709 1.733 0 0 -133.081 64.849 0 1514 21
1553 4A4S 167 3.732 0.247 0.6818 SCORE: -154.479 -58.054 3.554 0.481 1.936 0.213 -32.476 0.546 2.085 0 0 -137.76 64.996 0 1553 22
1580 4A4S 122 3.93 0.1982 0.6591 SCORE: -144.138 -57.733 5.165 0.463 1.572 -0.017 -29.196 1.07 1.981 0 0 -129.133 61.691 0 1580 23
1599 4A4S 278 4.066 0.1779 0.6705 SCORE: -142.179 -57.31 5.322 0.469 1.865 0.017 -31.314 0.589 2.093 0 0 -127.317 63.406 0 1599 24
1609 4A4S 72 4.245 0.1907 0.6364 SCORE: -139.168 -53.618 4.856 0.629 2.07 -0.015 -30.961 1.384 1.921 0 0 -125.653 60.217 0 1609 25
1623 4A4S 44 4.486 0.1678 0.5909 SCORE: -143.815 -52.423 2.996 0.47 2.818 0.749 -29.596 1.133 2.001 0 -4.882 -126.094 59.013 0 1623 26
1625 4A4S 152 4.557 0.1685 0.5909 SCORE: -133.538 -49.258 4.369 0.492 2.482 0.68 -29.504 1.906 2.13 0 0 -128.34 61.504 0 1625 27
1636 4A4S 350 4.75 0.1624 0.5795 SCORE: -128.717 -53.043 4.029 1.107 3.092 1.686 -29.555 2.121 2.723 -0.157 -4.209 -115.218 58.709 0 1636 28
1646 4A4S 110 4.936 0.1723 0.6023 SCORE: -134.601 -51.364 6.847 0.477 2.278 0.552 -30.524 1.987 3.903 -0.349 0 -138.703 70.295 0 1646 29
1651 4A4S 124 5.12 0.1205 0.5682 SCORE: -144.333 -47.802 3.987 0.63 2.152 1.472 -27.573 3.029 3.115 0 -8.264 -131.654 56.576 0 1651 30
1654 4A4S 30 5.272 0.1597 0.5795 SCORE: -131.643 -47.321 3.175 0.893 2.635 0.657 -26.183 1.74 2.477 0 0 -130.207 60.492 0 1654 31
1664 4A4S 39 5.579 0.1596 0.5341 SCORE: -140.928 -56.073 5.612 0.745 2.291 0.239 -27.867 2.256 3.245 -0.59 0 -135.382 64.598 0 1664 32
1669 4A4S 31 5.725 0.1505 0.5341 SCORE: -134.38 -48.582 3.823 0.486 2.622 1.492 -26.532 2.011 2.369 0 -7.857 -129.01 64.797 0 1669 33
1675 4A4S 240 5.821 0.1567 0.5568 SCORE: -132.013 -50.724 3.258 0.507 2.328 0.224 -29.926 1.653 1.439 -0.478 0 -115.862 55.566 0 1675 34
1683 4A4S 23 6.093 0.1146 0.4886 SCORE: -105.819 -44.021 8.206 0.907 3.21 1.741 -26.661 3.258 7.726 0 -3.624 -124.158 67.598 0 1683 35
1685 4A4S 64 6.11 0.1286 0.5568 SCORE: -136.59 -49.911 5.753 0.561 2.799 0.625 -27.212 6.205 3.876 0 -4.381 -139.015 64.11 0 1685 36
1690 4A4S 281 6.429 0.1649 0.4886 SCORE: -143.937 -53.924 4.412 0.485 0.852 0.414 -29.492 1.432 1.519 -0.101 0 -132.86 63.326 0 1690 37
