1 2LPA 1 0 1 1 SCORE: -53.203 -40.325 3.572 0.227 0.828 0.197 -16.414 0.6 4.222 -1.326 -0.004 -63.286 58.504 0 1 1
2 2LPA 2 0.328 0.7456 1 SCORE: -49.764 -39.715 3.421 0.223 0.93 0.151 -15.391 0.727 4.142 -1.257 -0.95 -63.09 61.046 0 2 2
5 2LPA 10 0.409 0.6903 1 SCORE: -57.448 -39.596 3.116 0.225 0.873 0.109 -16.45 0.784 4.344 -1.058 -1.518 -66.917 58.641 0 5 3
9 2LPA 8 0.595 0.5822 0.9833 SCORE: -58.4 -39.69 3.189 0.224 0.892 0.144 -16.622 0.77 4.403 -1.158 -1.483 -66.585 57.515 0 9 4
17 2LPA 127 0.776 0.4771 0.95 SCORE: -90.377 -34.826 2.662 0.317 0.869 0.421 -19.723 0.624 1.757 0 0 -84.487 42.009 0 17 5
166 2LPA 210 0.943 0.3581 0.9167 SCORE: -93.196 -34.485 2.005 0.341 0.869 0.368 -20.779 0.686 1.877 0 0 -83.748 39.67 0 166 6
245 2LPA 130 1.069 0.3298 0.9167 SCORE: -94.386 -37.474 2.984 0.353 0.719 0.592 -20.929 1.586 2.435 0 0 -83.697 39.045 0 245 7
484 2LPA 209 1.338 0.3597 0.8833 SCORE: -92.653 -37.162 4.559 0.447 0.829 0.417 -19.008 1.707 2.618 0 0 -84.056 36.996 0 484 8
511 2LPA 250 1.376 0.3467 0.8833 SCORE: -91.219 -36.816 2.557 0.362 0.571 0.433 -21.073 1.337 1.803 0 0 -75.486 35.094 0 511 9
742 2LPA 206 1.566 0.3411 0.8833 SCORE: -89.696 -36.249 2.633 0.34 1.38 0.416 -20.87 0.973 1.286 0 0 -75.74 36.134 0 742 10
1220 2LPA 241 1.841 0.3296 0.8833 SCORE: -88.152 -34.89 2.36 0.338 1.304 0.552 -21.255 1.709 0.937 0 0 -75.456 36.249 0 1220 11
1305 2LPA 129 1.909 0.3811 0.8833 SCORE: -92.951 -35.266 2.922 0.33 1.044 0.802 -20.142 1.61 1.604 0 0 -83.72 37.865 0 1305 12
1525 2LPA 48 2.185 0.3587 0.85 SCORE: -83.137 -37.091 3.735 0.322 1.292 0.273 -20.199 0.687 1.578 -0.144 0 -70.831 37.24 0 1525 13
1593 2LPA 90 2.326 0.3136 0.7833 SCORE: -91.594 -34.345 2.271 0.336 0.702 0.297 -19.897 1.914 1.665 0 0 -80.357 35.819 0 1593 14
1617 2LPA 168 2.382 0.3952 0.8333 SCORE: -84.306 -36.625 2.047 0.324 1.365 0.87 -20.325 0.543 1.657 0 -2.873 -68.974 37.686 0 1617 15
1730 2LPA 283 2.637 0.4565 0.8333 SCORE: -79.171 -35.321 3.386 0.345 2.507 0.613 -22.118 1.259 1.889 0 -5.062 -60.43 33.762 0 1730 16
1753 2LPA 263 2.713 0.2875 0.8 SCORE: -68.997 -30.836 2.488 0.335 1.172 0.272 -17.103 0.93 1.45 -0.107 0 -66.568 38.969 0 1753 17
1825 2LPA 151 2.96 0.4331 0.8167 SCORE: -74.788 -30.585 3.085 0.351 1.479 0.713 -24.855 1.07 1.498 0 0 -60.1 32.555 0 1825 18
1858 2LPA 38 3.049 0.3697 0.8 SCORE: -77.309 -35.238 3.714 0.457 2.49 0.508 -24.142 1.295 1.258 0 0 -60.521 32.87 0 1858 19
1925 2LPA 176 3.279 0.1448 0.6667 SCORE: -75.446 -31.393 6.698 0.343 2.897 0.908 -21.085 2.519 1.409 -0.366 -4.189 -74.272 41.087 0 1925 20
1948 2LPA 275 3.429 0.2872 0.75 SCORE: -75.09 -32.376 2.201 0.388 2.315 0.566 -21.824 0.902 1.364 0 0 -60.522 31.896 0 1948 21
1964 2LPA 64 3.569 0.182 0.7 SCORE: -81.902 -33.772 5.899 0.343 1.247 0.66 -20.217 1.539 2.124 0 -3.039 -78.934 42.247 0 1964 22
2134 2LPA 42 3.828 0.3 0.7333 SCORE: -79.572 -32.456 2.031 0.355 1.809 0.67 -23.192 0.927 0.979 0 0 -64.264 33.569 0 2134 23
2219 2LPA 140 3.917 0.1626 0.65 SCORE: -68.862 -28.216 1.955 0.316 3.048 0.401 -18.95 1.32 1.386 0 -4.964 -62.339 37.18 0 2219 24
2261 2LPA 89 4.159 0.1956 0.65 SCORE: -91.94 -32.583 3.334 0.417 2.667 0.343 -18.586 2.648 1.06 0 -4.269 -90.886 43.917 0 2261 25
2265 2LPA 28 4.302 0.306 0.7333 SCORE: -73.612 -29.042 3.198 0.681 2.703 0.152 -18.346 4.38 1.553 0 -4.698 -75.851 41.656 0 2265 26
2267 2LPA 131 4.431 0.0673 0.55 SCORE: 13536734.807 -29.097 55.645 13.282 12.235 5.312 13536526.79 20.75 72.092 0 -1.085 -9.234 68.116 0 2267 27
2268 2LPA 252 4.819 0.1834 0.5667 SCORE: -43.41 -20.159 7.154 0.938 2.471 0.869 -16.563 7.093 2.516 0 0 -65.727 37.999 0 2268 29
2269 2LPA 54 4.948 0.1817 0.6167 SCORE: -67.006 -25.139 3.586 0.626 2.482 0.728 -11.469 6.226 2.085 0 -3.784 -83.919 41.571 0 2269 30
2272 2LPA 60 5.178 0.2695 0.6833 SCORE: -79.646 -34.52 6.161 1.488 2.047 0.89 -16.023 5.157 4.994 0 -11.529 -89.072 50.762 0 2272 31
