1 1PJY 1 0 1 1 SCORE: -32.948 -51.76 22.601 0.736 2.782 -0.74 -11.808 0.921 0.923 -1.214 0 -89.713 94.325 0 1 1
2 1PJY 5 0.917 0.3937 0.9318 SCORE: -30.399 -58.312 28.344 0.759 2.685 -0.558 -9.104 1.052 0.96 -2.218 0 -94.628 100.62 0 2 6
4 1PJY 11 1.125 0.3574 0.9205 SCORE: -41.073 -56.668 23.206 0.751 2.633 -0.449 -13.678 1.172 1.023 -2.485 0 -95.875 99.297 0 4 7
19 1PJY 797 1.378 0.3039 0.8523 SCORE: -66.492 -57.924 14.295 1.846 2.545 0.421 -21.984 1.637 12.779 0 0 -99.013 78.905 0 19 8
144 1PJY 140 1.535 0.2362 0.8295 SCORE: -156.255 -59.091 3.127 0.48 1.644 0.606 -30.674 0.892 1.798 0 0 -138.024 62.988 0 144 9
407 1PJY 180 1.615 0.2457 0.8409 SCORE: -155.502 -60.091 3.712 0.498 1.703 0.566 -31.971 0.838 2.554 0 0 -137.7 64.389 0 407 10
1078 1PJY 420 1.837 0.265 0.7841 SCORE: -153.012 -60.257 4.048 0.475 1.963 -0.114 -31.867 0.696 2.492 0 0 -138.231 67.782 0 1078 11
1264 1PJY 58 1.955 0.2566 0.7955 SCORE: -150.317 -58.791 4.733 0.47 2.001 0.297 -30.892 0.911 1.846 -0.11 0 -133.848 63.065 0 1264 12
1415 1PJY 59 2.112 0.2577 0.7727 SCORE: -151.844 -60.386 4.989 0.482 2.327 0.041 -32.795 0.594 2.262 0 0 -133.67 64.312 0 1415 13
1489 1PJY 419 2.322 0.2119 0.75 SCORE: -151.79 -60.397 4.403 0.501 2.329 0.19 -30.247 1.028 2.412 0 0 -134.684 62.674 0 1489 14
1527 1PJY 133 2.593 0.2308 0.7386 SCORE: -143.497 -52.894 4.007 0.527 1.743 0.065 -29.37 2.137 1.672 0 0 -130.769 59.386 0 1527 15
1530 1PJY 337 2.614 0.2188 0.6818 SCORE: -150.449 -60.755 5.015 0.488 2.367 0.537 -30.439 0.975 0.967 0 0 -130.759 61.156 0 1530 16
1550 1PJY 209 2.844 0.2412 0.7386 SCORE: -141.563 -57.425 4.895 0.477 1.757 0.505 -29.664 1.063 2.581 0 -0.153 -126.152 60.555 0 1550 17
1557 1PJY 331 2.997 0.2261 0.7159 SCORE: -146.215 -58.301 4.622 0.489 0.913 0.649 -28.974 1.057 1.427 0 0 -129.722 61.625 0 1557 18
1577 1PJY 168 3.273 0.2876 0.7386 SCORE: -141.089 -52.366 3.842 0.51 2.021 0.289 -27.887 1.764 2.097 -0.23 0 -131.036 59.908 0 1577 19
1586 1PJY 130 3.351 0.2064 0.6705 SCORE: -139.136 -54.214 4.047 0.477 1.682 0.229 -25.319 1.213 1.985 0 -2.8 -125.578 59.142 0 1586 20
1591 1PJY 81 3.533 0.1578 0.625 SCORE: -136.512 -51.658 4.427 0.498 1.281 0.359 -26.485 1.594 1.358 0 0 -126.073 58.187 0 1591 21
1600 1PJY 166 3.725 0.2082 0.6477 SCORE: -140.404 -56.52 4.021 0.533 1.561 1.074 -29.448 1.974 4.279 0 -4.87 -123.833 60.825 0 1600 22
1604 1PJY 255 3.876 0.2434 0.7045 SCORE: -135.964 -52.622 3.365 0.521 1.623 -0.145 -30.502 1.598 2.48 0 0 -119.343 57.061 0 1604 23
1609 1PJY 91 4.075 0.2531 0.7045 SCORE: -145.783 -54.258 3.879 0.551 2.95 0.647 -30.964 1.915 2.532 0 -3.295 -137.16 67.423 0 1609 24
1613 1PJY 82 4.184 0.2116 0.6477 SCORE: -136.491 -51.486 3.961 0.561 1.999 0.395 -27.106 1.438 1.697 0 0 -125.903 57.954 0 1613 25
1618 1PJY 280 4.477 0.2211 0.7045 SCORE: -123.262 -48.22 6.512 0.496 2.239 0.154 -24.983 1.5 2.784 0 0 -126.086 62.341 0 1618 26
1619 1PJY 378 4.557 0.2363 0.6705 SCORE: -144.359 -50.248 4.265 0.748 1.359 0.432 -27.801 1.918 1.622 0 0 -138.331 61.676 0 1619 27
1626 1PJY 152 4.759 0.2107 0.6477 SCORE: -121.511 -48.083 4.199 0.835 4.417 0.845 -25.068 2.408 3.927 0 0 -127.546 62.555 0 1626 28
1629 1PJY 396 4.997 0.2102 0.6477 SCORE: -133.066 -48.35 3.614 0.66 4.053 0.601 -25.585 1.842 2.553 -0.327 -7.265 -126.018 61.158 0 1629 29
1635 1PJY 297 5.158 0.138 0.5568 SCORE: -137.112 -51.612 3.499 0.64 3.683 0.153 -25.692 2.46 2.112 0 0 -130.663 58.309 0 1635 30
1638 1PJY 277 5.262 0.2113 0.6705 SCORE: -116.933 -49.987 7.041 0.935 6.104 2.045 -28.15 3.767 8.94 -0.16 -4.097 -128.988 65.617 0 1638 31
1640 1PJY 120 5.521 0.1558 0.5682 SCORE: -128.744 -50.077 5.276 0.703 2.911 0.919 -27.629 4.728 3.334 -0.322 0 -130.563 61.975 0 1640 32
1647 1PJY 368 5.735 0.188 0.5341 SCORE: -138.47 -50.316 5.51 0.486 2.388 1.5 -27.494 1.673 2.674 -0.228 -3.46 -140.011 68.81 0 1647 33
1650 1PJY 115 5.921 0.1863 0.6136 SCORE: -122.946 -55.899 5.412 0.766 4.468 2.281 -26.138 6.578 3.975 0 0 -131.517 67.127 0 1650 34
