1 2QH2 1 0 1 1 SCORE: 82.063 -60.912 70.325 1.226 1.151 1.713 19.865 7.22 6.554 -0.171 0 -81.202 116.293 0 1 1
2 2QH2 13 0.786 0.6628 0.9583 SCORE: 63.232 -61.981 79.15 0.761 1.362 0.881 -6.145 7.273 6.76 -0.734 0 -84.972 120.877 0 2 5
5 2QH2 16 0.941 0.5879 0.9375 SCORE: 56.398 -61.509 68.725 0.863 0.824 0.592 1.373 7.237 6.701 -0.456 0 -82.286 114.332 0 5 6
11 2QH2 4 1.084 0.5946 0.9271 SCORE: 52.388 -60.876 66.291 0.956 1.306 0.735 -1.178 7.58 6.613 -0.418 0 -81.607 112.985 0 11 7
19 2QH2 421 1.314 0.3815 0.8542 SCORE: -47.281 -54.453 7.738 1.596 1.382 0.634 -23.083 1.591 11.935 0 0 -78.838 84.217 0 19 8
23 2QH2 1022 1.561 0.3627 0.8646 SCORE: -25.005 -56.164 9.125 1.776 1.639 0.249 -20.606 1.56 19.9 0 0 -68.391 85.907 0 23 9
42 2QH2 1012 1.72 0.4014 0.8646 SCORE: -46.945 -57.357 9.703 2.193 1.901 0.324 -20.811 1.542 21.025 0 0 -85.821 80.357 0 42 10
135 2QH2 657 1.897 0.3541 0.8125 SCORE: -66.769 -58.856 11.434 2.202 2.192 0.309 -24.605 1.598 10.974 0 0 -96.767 84.75 0 135 11
218 2QH2 649 1.995 0.332 0.8125 SCORE: -79.443 -57.447 7.481 2.429 2.153 0.4 -25.589 1.647 12.886 0 0 -102.444 79.041 0 218 12
798 2QH2 422 2.222 0.3585 0.8021 SCORE: -72.431 -56.861 8.226 1.923 2.521 1.002 -25.088 1.558 15.549 0 0 -105.387 84.127 0 798 13
948 2QH2 672 2.358 0.3072 0.7604 SCORE: -63.555 -56.176 10.474 2.004 2.309 0.255 -21.837 1.507 12.033 0 -3.466 -91.812 81.153 0 948 14
1022 2QH2 789 2.449 0.2609 0.7292 SCORE: -63.205 -56.269 8.694 2.08 2.111 0.76 -25.604 1.582 15.311 -0.001 0 -91.337 79.469 0 1022 15
1223 2QH2 159 2.79 0.2379 0.6979 SCORE: -125.7 -55.769 8.001 0.632 2.731 0.301 -30.279 1.732 3.695 0 0 -121.113 64.37 0 1223 16
1250 2QH2 298 2.889 0.2135 0.6979 SCORE: -141.447 -58.465 6.884 1.146 2.955 1.137 -30.791 2.587 3.618 0 -8.608 -125.972 64.062 0 1250 17
1266 2QH2 297 3.019 0.2304 0.6771 SCORE: -141.204 -57.617 4.28 0.526 1.682 0.177 -30.712 1.223 2.636 0 0 -124.238 60.84 0 1266 18
1276 2QH2 380 3.263 0.1916 0.6354 SCORE: -144.094 -54.724 4.207 0.526 2.906 0.701 -33.48 1.725 2.865 -0.245 -4.868 -128.04 64.333 0 1276 19
1284 2QH2 246 3.475 0.1844 0.6354 SCORE: -138.625 -55.877 5.254 1.105 2.094 0.578 -29.669 2.267 3.172 0 0 -130.985 63.435 0 1284 20
1285 2QH2 372 3.506 0.2173 0.6563 SCORE: -141.274 -59.553 5.885 0.527 1.77 -0.027 -33.731 1.169 3.57 -0.531 0 -129.402 69.048 0 1285 21
1290 2QH2 259 3.678 0.2489 0.6354 SCORE: -151.162 -59.13 3.145 0.518 1.823 0.254 -33.404 1.307 2.604 0 0 -130.993 62.713 0 1290 22
1296 2QH2 258 3.892 0.2571 0.6458 SCORE: -147.384 -55.92 3.305 0.547 1.716 0.445 -31.557 1.427 2.128 0 0 -132.483 63.008 0 1296 23
1311 2QH2 420 4.054 0.2451 0.6354 SCORE: -146.917 -57.778 3.716 0.521 1.492 0.483 -29.731 1.278 2.508 0 -4.816 -128.43 63.838 0 1311 24
1329 2QH2 138 4.304 0.1822 0.5729 SCORE: -145.981 -57.282 4.72 0.538 3.026 0.925 -31.475 2.521 2.651 0 0 -136.04 64.436 0 1329 25
1343 2QH2 254 4.511 0.2396 0.6563 SCORE: -144.957 -58 4.368 0.503 2.252 0.331 -33.144 0.843 2.719 -0.532 0 -130.535 66.239 0 1343 26
1354 2QH2 260 4.691 0.1993 0.625 SCORE: -152.333 -58.237 4.892 1.044 1.95 -0.247 -30.816 2.544 3.97 0 0 -140.335 62.902 0 1354 27
1366 2QH2 255 4.888 0.1896 0.5833 SCORE: -144.94 -57.987 3.299 0.555 1.953 0.448 -34.972 2.034 3.608 0 0 -129.751 65.873 0 1366 28
1370 2QH2 60 4.929 0.1789 0.5521 SCORE: -149.538 -56.48 3.83 0.646 2.238 0.015 -31.485 1.632 2.862 -0.11 0 -138.035 65.35 0 1370 29
1385 2QH2 376 5.195 0.1962 0.5521 SCORE: -140.928 -56.378 4.368 0.533 3.51 0.167 -32.104 1.22 2.347 0 0 -128.357 63.766 0 1385 30
1394 2QH2 179 5.294 0.2478 0.625 SCORE: -140.663 -59.825 5.467 0.494 2.566 0.547 -34.68 0.748 2.22 0 -3.417 -120.914 66.131 0 1394 31
1404 2QH2 131 5.434 0.2773 0.6042 SCORE: -139.542 -48.066 3.568 0.572 3.597 0.938 -29.31 1.588 1.933 0 0 -140.438 66.075 0 1404 32
1415 2QH2 340 5.618 0.1989 0.5625 SCORE: -147.086 -60.652 3.711 0.522 3.463 0.259 -36.194 1.207 2.362 0 -3.9 -120.997 63.133 0 1415 33
