1 2M5U 1 0 1 1 SCORE: 66.298 -60.008 59.261 1.915 3.036 1.521 42.294 1.994 0.845 0 0 -86.604 102.044 0 1 1
2 2M5U 10 0.29 0.8242 1 SCORE: 50.852 -59.309 48.184 1.855 2.836 1.654 35.139 1.916 0.873 -0.608 0 -84.284 102.598 0 2 2
4 2M5U 13 0.647 0.5856 0.9773 SCORE: 34.168 -59.256 41.889 1.885 3.141 1.126 28.258 1.955 0.93 -0.376 0 -87.026 101.642 0 4 4
6 2M5U 11 1.174 0.4585 0.9205 SCORE: 42.847 -60.696 54.698 1.48 2.937 1.631 19.943 1.845 0.863 -0.697 0 -84.616 105.458 0 6 7
18 2M5U 549 1.361 0.2947 0.875 SCORE: -73.214 -55.831 7.881 1.958 2.188 0.138 -21.714 0.971 9.771 0 0 -96.571 77.996 0 18 8
54 2M5U 29 1.431 0.3143 0.8523 SCORE: -115.326 -57.713 9.129 0.485 1.378 0.637 -29.548 3.693 3.301 -0.26 0 -118.786 72.357 0 54 9
385 2M5U 78 1.673 0.2326 0.8068 SCORE: -125.742 -51.04 3.666 0.758 2.784 1.114 -30.364 3.287 6.228 -0.484 -2.636 -120.624 61.57 0 385 10
774 2M5U 211 1.909 0.217 0.7614 SCORE: -134.293 -51.333 3.941 0.545 1.696 0.456 -28.81 1.591 2.99 -0.065 0 -123.017 57.712 0 774 11
1018 2M5U 54 2.087 0.2046 0.75 SCORE: -137.978 -55.995 3.506 0.491 1.452 0.19 -29.702 1.012 1.351 0 0 -116.06 55.776 0 1018 12
1038 2M5U 55 2.111 0.243 0.7614 SCORE: -140.411 -56.899 3.06 0.479 2.005 0.237 -31.684 1.143 1.867 0 0 -119.492 58.872 0 1038 13
1201 2M5U 135 2.335 0.2497 0.7614 SCORE: -139.79 -57.308 3.007 0.622 1.546 0.083 -29.503 1.183 2.304 0 0 -120.645 58.921 0 1201 14
1350 2M5U 175 2.56 0.239 0.7727 SCORE: -140.404 -52.157 3.361 0.55 2.007 0.572 -30.129 2.607 2.909 0 -4.36 -125.012 59.248 0 1350 15
1391 2M5U 215 2.642 0.2603 0.7614 SCORE: -143.333 -55.395 3.479 0.487 1.168 0.271 -29.805 1.086 2.009 -0.084 0 -130.629 64.08 0 1391 16
1429 2M5U 214 2.797 0.21 0.7159 SCORE: -141.729 -55.713 3.922 0.472 0.758 0.57 -29.035 1.484 2.608 -0.556 0 -130.375 64.137 0 1429 17
1466 2M5U 134 3.001 0.2307 0.7273 SCORE: -137.866 -55.572 3.044 0.508 1.721 -0.161 -32.385 0.811 2.126 -0.11 0 -116.024 58.178 0 1466 18
1497 2M5U 87 3.185 0.2198 0.7045 SCORE: -132.873 -54.499 4.561 0.517 1.623 0.218 -27.588 2.622 4.479 -0.671 -4.757 -120.804 61.427 0 1497 19
1532 2M5U 174 3.482 0.2346 0.6818 SCORE: -135.96 -53.708 2.627 0.482 2.08 0.297 -28.852 1.111 2.113 0 0 -121.089 58.979 0 1532 20
1540 2M5U 293 3.575 0.1503 0.6477 SCORE: -132.424 -49.412 3.237 0.517 1.488 0.662 -27.855 1.842 1.666 0 0 -120.261 55.692 0 1540 21
1548 2M5U 95 3.734 0.2297 0.6818 SCORE: -138.225 -55.181 5.928 0.508 1.24 1.08 -31.821 1.44 1.92 0 0 -122.76 59.42 0 1548 22
1561 2M5U 82 3.866 0.2287 0.6818 SCORE: -126.741 -53.291 6.526 0.49 2.152 0.141 -29.682 2.466 4.231 0 0 -119.864 60.089 0 1561 23
1566 2M5U 283 4.034 0.2631 0.7727 SCORE: -123.449 -53.717 6.634 0.917 1.735 0.442 -28.301 1.673 3.734 -0.146 0 -115.715 59.296 0 1566 24
1577 2M5U 199 4.224 0.1518 0.6023 SCORE: -121.729 -46.117 5.129 0.615 2.117 0.656 -26.738 3.124 2.892 -0.147 0 -120.471 57.211 0 1577 25
1595 2M5U 289 4.498 0.2386 0.6932 SCORE: -126.765 -50.275 4.246 0.469 2.119 -0.178 -28.918 1.544 2.047 0 0 -120.742 62.923 0 1595 26
1600 2M5U 284 4.632 0.2465 0.6932 SCORE: -124.096 -51.944 7.308 0.89 3.066 0.953 -28.157 2.067 5.393 0 0 -129.276 65.604 0 1600 27
1606 2M5U 290 4.827 0.2265 0.7045 SCORE: -128.482 -49.507 3.87 0.648 2.283 0.821 -28.556 2.105 3.024 0 -1.222 -119.208 57.258 0 1606 28
1612 2M5U 288 4.958 0.222 0.6818 SCORE: -125.21 -48.293 2.861 0.776 3.283 0.98 -30.173 1.469 3.129 0 0 -116.021 56.778 0 1612 29
1619 2M5U 76 5.076 0.207 0.6477 SCORE: -125.105 -52.103 3.259 0.496 1.962 1.024 -26.277 2.463 2.839 -0.305 0 -117.18 58.716 0 1619 30
1629 2M5U 162 5.252 0.1518 0.6136 SCORE: -122.985 -46.846 3.663 0.537 2.127 0.668 -26.299 2.767 1.768 -0.145 0 -115.475 54.25 0 1629 31
1640 2M5U 277 5.492 0.2257 0.6364 SCORE: -118.677 -44.806 5.354 0.496 2.696 0.093 -27.658 2.418 3.389 -0.208 0 -119.635 59.183 0 1640 32
1646 2M5U 275 5.65 0.1943 0.5568 SCORE: -117.691 -46.286 6.463 0.824 4.793 1.58 -27.127 5.067 2.389 0 -3.759 -119.849 58.214 0 1646 33
