1 1NC0 1 0 1 1 SCORE: 70.47 -58.355 57.964 1.514 2.563 0.653 29.795 4.607 6.435 0 0 -90.716 116.011 0 1 1
2 1NC0 3 0.845 0.5525 0.9479 SCORE: 72.348 -56.134 53.366 1.69 1.821 0.689 30.317 4.624 6.108 -0.202 0 -83.418 113.487 0 2 5
4 1NC0 9 0.946 0.506 0.9375 SCORE: 21.381 -60.75 47.26 1.195 1.685 0.771 -1.342 3.971 6.579 -0.79 0 -90.281 113.084 0 4 6
6 1NC0 2 1.139 0.5506 0.9167 SCORE: 55.803 -58.63 52.529 1.262 1.536 0.742 13.048 5.968 6.331 -0.745 0 -82.95 116.713 0 6 7
8 1NC0 419 1.298 0.3637 0.8542 SCORE: -36.943 -57.024 18.034 1.462 1.702 1.009 -20.448 1.526 11.416 0 0 -90.412 95.793 0 8 8
25 1NC0 625 1.548 0.3311 0.8125 SCORE: -57.376 -60.203 18.669 1.856 1.923 1.32 -17.249 1.21 11.31 0 0 -108.945 92.734 0 25 9
77 1NC0 649 1.726 0.2875 0.7813 SCORE: -65.874 -60.787 13.471 2.081 2.222 1.278 -19.769 2.018 11.236 0 0 -109.912 92.288 0 77 10
143 1NC0 678 1.791 0.287 0.7708 SCORE: -69.649 -61.066 10.518 2.087 2.139 1.104 -22.324 1.986 11.822 0 0 -108.273 92.357 0 143 11
523 1NC0 744 2.031 0.2686 0.7604 SCORE: -76.468 -59.867 12.23 2.381 1.81 1.641 -21.329 2.017 13.059 0 0 -117.65 89.239 0 523 12
723 1NC0 133 2.196 0.2423 0.75 SCORE: -135.514 -56.625 6.077 0.75 1.813 1.183 -33.026 3.432 2.809 -0.748 0 -120.856 59.677 0 723 13
939 1NC0 910 2.383 0.2487 0.7083 SCORE: -67.579 -59.679 16.228 2.079 2.33 1.024 -20.264 2.257 11.316 0 -2.024 -110.455 89.609 0 939 14
1025 1NC0 998 2.52 0.2302 0.7083 SCORE: -60.122 -58.897 15.315 1.518 2.159 0.914 -22.671 1.773 21.218 0 -2.265 -105.995 86.809 0 1025 15
1113 1NC0 1227 2.69 0.2386 0.7188 SCORE: -34.537 -58.835 20.359 1.832 2.055 0.71 -18.738 6.733 19.777 -0.027 -5.605 -91.761 88.961 0 1113 16
1169 1NC0 205 2.868 0.2525 0.7083 SCORE: -130.63 -53.604 9.467 0.763 2.273 1.155 -27.214 2.284 3.917 -1.511 0 -144.836 76.676 0 1169 17
1191 1NC0 1366 3.006 0.2484 0.6875 SCORE: -9.901 -54.78 21.87 1.639 3.442 0.986 -20.745 9.549 22.313 -0.583 -4.853 -65.317 76.579 0 1191 18
1205 1NC0 287 3.208 0.2382 0.6771 SCORE: -127.343 -60.448 9.805 0.702 1.759 1.025 -33.089 2.171 5.934 0 0 -129.794 74.589 0 1205 19
1209 1NC0 1495 3.4 0.2777 0.7083 SCORE: -1.56 -54.115 14.927 1.423 4.034 0.098 -22.323 1.955 24.783 -0.194 0 -49.97 77.822 0 1209 20
1211 1NC0 1496 3.581 0.2173 0.6667 SCORE: 2.742 -55.012 9.978 1.874 3.651 0.147 -22.753 2.242 26.765 -0.419 -0.111 -44.177 80.558 0 1211 21
1212 1NC0 126 3.746 0.2261 0.625 SCORE: -132.142 -56.826 6.882 0.536 3.639 -0.039 -34.676 1.331 3.272 -0.24 -4.028 -121.075 69.082 0 1212 22
1215 1NC0 173 3.886 0.1961 0.5833 SCORE: -131.368 -59.456 6.907 0.579 1.968 0.686 -31.575 2.108 2.128 -0.387 0 -115.661 61.333 0 1215 23
1219 1NC0 417 4.025 0.2609 0.6667 SCORE: -138.354 -59.133 8.702 0.53 1.494 0.605 -33.322 2.08 2.668 0 0 -133.516 71.537 0 1219 24
1222 1NC0 164 4.317 0.2194 0.5938 SCORE: -118.559 -53.378 4.783 0.6 4.232 1.052 -34.802 3.241 2.138 0 0 -103.705 57.279 0 1222 25
1223 1NC0 251 4.454 0.2495 0.6354 SCORE: -127.707 -59.115 6.924 0.707 1.963 0.167 -32.87 2.506 3.42 -0.076 0 -115.378 64.044 0 1223 26
1225 1NC0 404 4.579 0.2375 0.625 SCORE: -119.43 -56.621 6.05 0.536 1.962 0.048 -31.782 1.296 3.603 0 0 -110.618 66.096 0 1225 27
1231 1NC0 177 4.788 0.2355 0.5938 SCORE: -138.436 -55.433 3.672 0.545 2.192 1.272 -33.457 2.369 2.445 -0.377 -4.778 -114.841 57.956 0 1231 28
1243 1NC0 415 5.037 0.1956 0.6042 SCORE: -137.028 -60.845 6.249 0.555 2.128 0.768 -33.317 1.902 4.064 -0.414 0 -120.849 62.73 0 1243 29
1245 1NC0 294 5.105 0.1999 0.5729 SCORE: -137.513 -56.892 6.681 0.536 2.537 0.672 -32.432 1.474 2.743 -0.25 0 -125.718 63.137 0 1245 30
1253 1NC0 296 5.324 0.2123 0.5833 SCORE: -138.82 -50.4 2.961 0.616 3.48 1.086 -30.844 1.931 2.975 0 0 -132.165 61.54 0 1253 31
1261 1NC0 334 5.455 0.175 0.5313 SCORE: -137.749 -53.343 4.968 0.7 2.057 0.872 -32.081 2.681 3.355 0 -2.064 -126.57 61.676 0 1261 32
1271 1NC0 96 5.605 0.205 0.5625 SCORE: -141.856 -57.304 3.606 0.609 2.771 0.586 -31.629 1.933 3.102 0 0 -129.742 64.213 0 1271 33
