1 2KOC 1 0 1 1 SCORE: -61.451 -28.999 1.563 0.281 0.71 0.375 -16.276 1.429 0.612 -1.038 0 -68.579 48.47 0 1 1
2 2KOC 6 0.299 0.7838 1 SCORE: -63.474 -29.349 1.559 0.281 0.671 0.614 -16.601 1.13 0.47 -0.841 0 -67.11 45.703 0 2 2
16 2KOC 15 0.481 0.6207 1 SCORE: -64.77 -30.233 1.908 0.28 0.619 0.426 -15.18 1.577 0.735 -0.204 0 -72.238 47.54 0 16 3
20 2KOC 20 0.633 0.4839 1 SCORE: -61.359 -28.248 1.767 0.284 0.765 0.315 -16.872 1.278 0.642 -1.324 0 -68.872 48.907 0 20 4
21 2KOC 197 1.013 0.3329 0.9107 SCORE: -79.614 -34.309 3.626 0.311 0.996 -0.143 -18.649 1.504 1.471 -0.143 0 -74.301 40.023 0 21 6
44 2KOC 216 1.197 0.3339 0.9286 SCORE: -86.118 -33.958 2.336 0.303 0.911 0.22 -20.113 0.563 1.23 0 0 -76.336 38.724 0 44 7
109 2KOC 60 1.388 0.2888 0.875 SCORE: -88.489 -33.073 2.567 0.315 0.797 0.324 -19.838 0.539 1.622 0 0 -81.585 39.844 0 109 8
191 2KOC 300 1.559 0.276 0.8214 SCORE: -89.724 -33.518 2.541 0.384 0.474 0.331 -15.991 1.877 1.477 0 0 -79.929 32.63 0 191 9
215 2KOC 176 1.613 0.3184 0.8571 SCORE: -87.362 -34.436 2.795 0.312 0.802 0.15 -17.446 0.924 1.987 0 0 -79.973 37.522 0 215 10
313 2KOC 180 1.744 0.2975 0.8571 SCORE: -89.089 -32.29 1.869 0.333 0.768 0.278 -18.669 1.167 1.396 0 0 -80.596 36.657 0 313 11
1056 2KOC 378 2.073 0.2208 0.7679 SCORE: -88.472 -32.198 3.134 0.344 1.024 0.073 -17.926 1.204 0.981 0 0 -80.686 35.578 0 1056 12
1166 2KOC 179 2.1 0.2628 0.8036 SCORE: -88.705 -34.589 3.085 0.539 0.87 0.202 -19.197 1.043 2.335 0 0 -80.49 37.496 0 1166 13
1722 2KOC 260 2.264 0.1938 0.7679 SCORE: -87.692 -28.655 2.57 0.347 0.739 0.605 -16.273 0.969 0.698 0 0 -82.675 33.983 0 1722 14
2120 2KOC 139 2.502 0.2513 0.7857 SCORE: -86.321 -34.459 2.154 0.303 1.267 -0.049 -20.51 0.466 2.09 0 0 -75.454 37.871 0 2120 15
2266 2KOC 379 2.681 0.2443 0.75 SCORE: -88.057 -32.467 2.262 1.025 0.993 0.583 -18.147 2.612 4.143 0 0 -85.046 35.987 0 2266 16
2350 2KOC 280 2.947 0.3363 0.7857 SCORE: -81.344 -28.125 2.168 0.339 1.396 0.666 -17.317 1.655 2.448 0 0 -79.993 35.42 0 2350 17
2363 2KOC 99 3.11 0.1907 0.6964 SCORE: -87.377 -29.575 3.388 0.343 0.53 0.406 -16.604 1.371 2.634 0 0 -87.69 37.82 0 2363 18
2371 2KOC 284 3.214 0.2846 0.8393 SCORE: -82.172 -31.018 2.303 0.348 1.168 0.466 -19.018 1.064 1.775 0 0 -74.695 35.435 0 2371 19
2381 2KOC 259 3.459 0.2722 0.75 SCORE: -82.355 -32.704 4.33 0.329 1.608 0.506 -19.832 1.515 1.256 0 -4.293 -70.442 35.372 0 2381 20
2384 2KOC 248 3.539 0.2564 0.75 SCORE: -76.716 -29.913 3.115 0.418 1.546 0.579 -17.091 0.945 1.126 -0.312 0 -76.096 38.969 0 2384 21
2390 2KOC 78 3.683 0.2304 0.7143 SCORE: -78.647 -29.663 2.248 0.304 1.718 0.992 -18.26 0.85 1.431 -0.043 0 -74.758 36.532 0 2390 22
2391 2KOC 72 3.901 0.2139 0.6607 SCORE: -74.943 -29.862 2.628 0.353 2.747 1.342 -17.204 2.365 1.859 0 0 -75.944 36.773 0 2391 23
2395 2KOC 228 4.122 0.1737 0.6964 SCORE: -68.733 -28.763 8.1 0.326 1.887 0.536 -16.592 1.013 0.888 0 0 -70.52 34.392 0 2395 24
2397 2KOC 338 4.216 0.2527 0.7321 SCORE: -87.04 -34.158 3.83 0.344 1.055 0.75 -20.243 0.731 1.207 0 0 -78.753 38.198 0 2397 25
2400 2KOC 225 4.406 0.198 0.6786 SCORE: -64.204 -26.819 3.261 0.412 2.547 0.803 -16.413 3.195 1.681 -0.438 0 -69.672 37.238 0 2400 26
2402 2KOC 129 4.773 0.1595 0.6071 SCORE: -82.06 -29.642 2.033 0.37 1.385 0.205 -17.655 0.892 0.65 0 0 -74.795 34.498 0 2402 28
2404 2KOC 229 5.039 0.2433 0.6607 SCORE: -71.142 -27.277 2.278 0.535 2.151 1.167 -18.663 1.357 3.196 0 0 -70.191 34.304 0 2404 29
2405 2KOC 262 5.245 0.1185 0.5536 SCORE: -57.464 -27.082 5.552 0.887 1.454 0.485 -14.234 3.91 4.838 0 0 -72.859 39.587 0 2405 31
2407 2KOC 381 5.579 0.1407 0.5357 SCORE: -48.49 -22.076 6.086 0.57 2.991 1.136 -17.264 1.883 3.941 -0.3 -4.731 -53.892 33.165 0 2407 33
2408 2KOC 265 5.76 0.1497 0.625 SCORE: -64.106 -19.341 1.765 0.444 2.194 0.942 -15.71 3.739 1.384 0 0 -75.069 35.545 0 2408 34
