1 2N6T 1 0 1 1 SCORE: 85.703 -91.923 68.362 1.142 1.624 2.016 -7.624 12.308 6.923 -2.147 0 -114.475 209.495 0 1 1
2 2N6T 411 1.529 0.6535 0.7976 SCORE: -63.406 -95.305 22.209 2.334 3.468 1.079 -37.353 4.683 20.778 -0.692 0 -135.052 150.443 0 2 9
3 2N6T 412 1.892 0.5659 0.7619 SCORE: -66.664 -97.216 22.398 2.697 4.147 1.012 -37.044 3.532 21.612 -0.474 0 -137.255 149.927 0 3 11
11 2N6T 505 2.097 0.5295 0.7321 SCORE: -88.211 -97.853 19.478 2.733 4.082 0.865 -40.457 2.238 16.684 -0.414 0 -142.613 147.046 0 11 12
31 2N6T 449 2.196 0.5 0.7143 SCORE: -99.786 -98.951 19.491 2.802 4.291 0.971 -41.846 2.161 12.91 -0.401 0 -148.545 147.331 0 31 13
125 2N6T 463 2.274 0.4844 0.7083 SCORE: -94.494 -98.815 19.378 2.85 4.24 0.803 -41.348 2.136 14.678 -0.329 0 -144.777 146.69 0 125 14
448 2N6T 679 2.493 0.4866 0.6964 SCORE: -90.709 -101.021 19.237 3.242 4.344 0.802 -43.644 5.028 22.044 -0.673 -0.266 -139.847 140.046 0 448 15
619 2N6T 682 2.637 0.4621 0.6905 SCORE: -78.217 -102.403 20.2 3.743 4.435 1.122 -41.827 4.909 21.418 -0.805 -5.395 -125.503 141.89 0 619 16
669 2N6T 1016 2.817 0.4566 0.6548 SCORE: -52.456 -97.966 17.077 3.032 6.053 1.396 -44.69 10.508 33.692 -0.753 0 -128.927 148.122 0 669 17
689 2N6T 1091 2.991 0.4277 0.631 SCORE: -1.167 -96.736 37.658 2.323 5.977 1.122 -40.573 7.876 38.475 -0.49 0 -103.623 146.823 0 689 18
693 2N6T 1090 3.234 0.3878 0.6012 SCORE: -7.163 -98.311 30.047 2.775 5.915 1.146 -40.722 4.002 37.032 -0.721 0 -104.751 156.425 0 693 19
694 2N6T 370 3.974 0.3112 0.5536 SCORE: -236.067 -95.481 6.389 0.96 2.979 0.753 -54.795 2.622 3.137 -0.415 0 -209.166 106.95 0 694 23
695 2N6T 290 4.087 0.3277 0.5357 SCORE: -245.007 -103.42 7.157 1.092 5.568 0.443 -60.659 4.324 4.391 -0.129 -12.886 -196.025 105.136 0 695 24
696 2N6T 169 4.221 0.3464 0.5714 SCORE: -225.649 -101.558 7.957 0.969 3.134 0.316 -61.473 2.967 4.146 -0.769 0 -188.482 107.144 0 696 25
697 2N6T 170 4.388 0.3067 0.5238 SCORE: -225.084 -96.006 8.914 1.354 3.625 1.454 -60.402 5.767 5.774 -0.191 0 -200.791 105.42 0 697 26
701 2N6T 289 4.714 0.3704 0.5655 SCORE: -232.751 -103.23 5.784 0.925 3.207 0.686 -58.258 2.16 4.73 -0.243 0 -189.401 100.89 0 701 27
703 2N6T 79 5.134 0.2869 0.5 SCORE: -211.814 -100.063 10.418 5.456 4.508 0.966 -58.019 4.191 12.317 -0.543 0 -213.938 122.894 0 703 30
705 2N6T 328 5.259 0.3182 0.506 SCORE: -207.558 -91.922 5.896 1.235 5.949 0.816 -57.471 3.965 5.462 0 0 -177.497 96.01 0 705 31
708 2N6T 250 5.435 0.3061 0.5 SCORE: -241.942 -99.448 5.854 1.008 3.626 0.47 -57.448 2.772 5.391 0 0 -211.936 107.769 0 708 32
715 2N6T 410 5.678 0.3037 0.5 SCORE: -216.95 -102.014 7.201 1.179 3.407 0.809 -63.853 6.257 4.144 -0.027 0 -173.199 99.145 0 715 33
717 2N6T 281 5.913 0.2713 0.4643 SCORE: -209.207 -99.471 8.352 1.13 8.639 1.282 -57.908 4.263 8.193 -0.678 0 -200.532 117.524 0 717 34
718 2N6T 243 6.035 0.2866 0.4643 SCORE: -212.213 -96.147 8.946 2.43 7.195 2.579 -62.258 7.174 11.439 -1.012 -3.616 -196.168 107.225 0 718 35
722 2N6T 288 6.168 0.2716 0.4643 SCORE: -226.305 -101.855 6.293 1.087 2.838 0.32 -58.326 3.84 4.663 -0.083 0 -189.698 104.615 0 722 36
727 2N6T 283 6.408 0.2675 0.4464 SCORE: -211.192 -96.115 7.139 6 4.35 1.264 -61.809 4.517 7.74 0 0 -187.042 102.763 0 727 37
730 2N6T 249 6.522 0.2885 0.494 SCORE: -234.96 -100.797 6.614 0.999 2.793 1.277 -57.839 4.089 3.851 -0.305 0 -200.265 104.622 0 730 38
742 2N6T 86 6.804 0.3101 0.506 SCORE: -218.753 -98.623 8.886 2.056 2.918 1.651 -56.258 4.81 8.702 0 0 -199.809 106.913 0 742 39
745 2N6T 168 6.896 0.2679 0.494 SCORE: -216.859 -90.257 5.906 1.396 8.113 3.683 -57.612 4.781 5.99 -0.223 -10.492 -189.298 101.153 0 745 40
