1 1LDZ 1 0 1 1 SCORE: -35.733 -80.643 17.536 0.639 3.114 0.831 -29.608 2.958 6.976 -0.724 -1.952 -82.037 127.177 0 1 1
3 1LDZ 427 1.032 0.6527 0.925 SCORE: -84.507 -77.376 16.538 1.563 4.036 2.172 -27.648 3.031 11.615 0 -2.496 -124.414 108.471 0 3 6
76 1LDZ 503 1.092 0.6425 0.9083 SCORE: -92.318 -79.447 17.672 1.884 4.413 1.912 -27.57 2.894 11.33 0 -3.216 -131.948 109.758 0 76 7
151 1LDZ 592 1.238 0.5874 0.875 SCORE: -80.351 -78.775 18.845 1.989 5.506 3.034 -30.107 3.475 12.814 0 -3.411 -124.493 110.774 0 151 8
292 1LDZ 606 1.421 0.5348 0.85 SCORE: -77.528 -79.066 16.234 2.087 5.318 2.975 -29.523 3.357 15.083 0 -3.184 -118.325 107.515 0 292 9
442 1LDZ 773 1.586 0.4928 0.8167 SCORE: -59.652 -74.944 17.284 2.44 5.78 3.116 -31.823 2.654 16.619 -0.218 -5.04 -98.764 103.243 0 442 10
581 1LDZ 989 1.784 0.4215 0.7667 SCORE: -57.615 -76.037 17.857 1.967 5.356 1.887 -26.287 2.833 20.128 0 -4.839 -101.583 101.104 0 581 11
632 1LDZ 994 1.925 0.4298 0.7833 SCORE: -56.734 -73.818 15.279 2.011 5.901 2.372 -29.65 2.675 20.897 -0.333 -5.901 -94.364 98.196 0 632 12
841 1LDZ 1213 2.267 0.4457 0.7917 SCORE: -52.257 -72.536 19.73 2.166 6.183 2.105 -30.423 2.611 26.53 -0.678 -4.527 -97.823 94.405 0 841 13
898 1LDZ 1169 2.398 0.4193 0.75 SCORE: -55.111 -73.428 16.458 1.81 7.093 1.988 -31.353 2.899 32.379 -0.303 -3.239 -102.57 93.156 0 898 14
928 1LDZ 1067 2.592 0.4273 0.7667 SCORE: -53.254 -71.902 17.113 2.344 6.129 1.446 -31.27 2.555 22.002 -0.501 -2.796 -96.397 98.022 0 928 15
932 1LDZ 1337 2.66 0.3738 0.7083 SCORE: -41.524 -72.709 12.661 2.175 6.946 2.646 -33.84 3.242 26.413 -0.746 -1.772 -77.297 90.757 0 932 16
937 1LDZ 64 3.305 0.3161 0.6333 SCORE: -180.573 -81.214 5.195 0.661 3.222 1.015 -41.446 1.466 3.471 -0.765 -3.787 -149.453 81.063 0 937 19
940 1LDZ 16 3.404 0.3424 0.6667 SCORE: -28.736 -80.683 21.1 0.733 3.667 1.526 -33.843 3.121 7.275 -0.543 0 -72.723 121.634 0 940 20
941 1LDZ 44 3.572 0.2361 0.5833 SCORE: -142.054 -65.936 8.309 0.685 3.822 1.171 -40.84 3.04 3.595 -0.417 0 -134.212 78.728 0 941 21
942 1LDZ 102 3.823 0.3059 0.625 SCORE: -172.693 -73.332 6.851 0.672 3.166 -0.005 -42.047 1.78 2.897 0 0 -156.153 83.479 0 942 22
944 1LDZ 408 4.125 0.2727 0.5833 SCORE: -155.092 -68.952 6.933 1.199 4.097 0.703 -36.568 6.3 6.912 -0.174 -6.724 -152.531 83.713 0 944 24
946 1LDZ 420 4.281 0.3316 0.6 SCORE: -179.184 -69.064 8.287 0.792 3.572 1.279 -39.646 3.058 1.912 0 0 -171.508 82.135 0 946 25
948 1LDZ 124 4.465 0.291 0.5833 SCORE: -148.097 -75.649 10.886 0.651 3.371 0.762 -37.827 1.358 5.527 -0.947 0 -142.044 85.815 0 948 26
954 1LDZ 60 4.653 0.3217 0.6167 SCORE: -174.603 -83.525 8.3 0.771 4.561 1.539 -42.779 1.351 3.674 -0.499 -6.147 -144.379 82.531 0 954 27
956 1LDZ 425 4.767 0.3279 0.6 SCORE: -190.847 -75.95 3.977 0.676 3.238 1.138 -40.273 2.012 3.227 0 -8.639 -159.695 79.442 0 956 28
961 1LDZ 65 5.026 0.3331 0.6083 SCORE: -187.215 -79.61 5.153 0.661 3.296 -0.277 -40.943 1.042 3.494 -0.386 -2.839 -158.754 81.948 0 961 29
963 1LDZ 412 5.148 0.2622 0.5417 SCORE: -166.702 -75.148 10.91 0.82 2.992 1.113 -40.797 3.011 4.193 0 0 -160.021 86.224 0 963 30
967 1LDZ 61 5.349 0.3627 0.6 SCORE: -174.389 -76.436 4.725 0.661 2.598 0.457 -41.434 1.997 4.062 0 -4.549 -140.369 73.899 0 967 31
970 1LDZ 143 5.473 0.2814 0.5583 SCORE: -181.986 -80.143 5.35 0.688 3.26 0.646 -43.42 1.636 3.409 -0.214 -3.8 -149.112 79.716 0 970 32
978 1LDZ 423 5.689 0.276 0.5417 SCORE: -184.121 -73.003 6.227 1.286 4.158 0.99 -44.199 2.44 2.712 0 -8.801 -158.525 82.594 0 978 33
981 1LDZ 105 5.873 0.2899 0.55 SCORE: -183.698 -79.034 5.451 0.65 3.275 0.426 -42.604 1.354 3.532 -0.466 0 -158.857 82.575 0 981 34
989 1LDZ 414 6.098 0.3759 0.5833 SCORE: -169.379 -74.15 5.469 0.649 3.917 0.753 -39.238 1.191 3.187 -0.143 0 -155.996 84.982 0 989 35
992 1LDZ 142 6.194 0.3257 0.5417 SCORE: -175.859 -80.727 8.939 0.634 3.444 -0.033 -41.822 1.257 4.201 0 0 -153.075 81.322 0 992 36
996 1LDZ 145 6.322 0.2908 0.5083 SCORE: -179.961 -70.961 4.641 0.79 2.123 0.9 -39.277 2.528 4.073 0 -4.638 -156.639 76.5 0 996 37
