1 2NCI 1 0 1 1 SCORE: -58.933 -59.788 9.771 0.547 2.971 1.532 -24.429 2.964 2.749 -11.276 -5.224 -100.522 121.771 0 1 1
2 2NCI 6 0.376 0.9328 0.9911 SCORE: -69.431 -60.301 10.039 0.552 2.822 0.985 -26.114 3.094 2.86 -12.7 -4.388 -109.955 123.675 0 2 3
5 2NCI 3 0.764 0.7442 0.9643 SCORE: -53.706 -58.191 9.592 0.559 2.053 1.792 -24.001 2.922 2.791 -11.902 -2.182 -102.729 125.592 0 5 5
6 2NCI 411 0.967 0.6293 0.9375 SCORE: -57.43 -61.195 16.195 1.546 3.577 0.793 -22.845 2.299 11.347 -0.148 -2.509 -111.138 104.648 0 6 6
8 2NCI 7 1.203 0.6608 0.9107 SCORE: -55.115 -63.366 12.717 0.545 2.232 1.499 -24.849 2.917 3.057 -12.486 -2.348 -105.996 130.962 0 8 7
12 2NCI 417 1.349 0.5188 0.875 SCORE: -61.167 -64.392 19.798 1.767 3.56 0.994 -23.591 1.773 10.777 -1.186 -4.643 -113.637 107.612 0 12 8
54 2NCI 468 1.451 0.5042 0.875 SCORE: -65.034 -64.393 17.207 1.882 3.666 0.899 -24.189 1.643 9.949 -1.205 -3.64 -111.319 104.466 0 54 9
76 2NCI 470 1.712 0.4869 0.8393 SCORE: -67.318 -64.186 15.912 1.814 3.647 0.911 -24.12 1.721 10.084 -1.107 -3.899 -112.442 104.345 0 76 10
98 2NCI 500 1.887 0.4737 0.8304 SCORE: -68.624 -63.79 16.126 2.031 3.803 0.957 -25.814 1.938 11.406 -1.086 -5.119 -112.326 103.252 0 98 11
197 2NCI 522 2.052 0.4467 0.8214 SCORE: -67.489 -63.868 15.416 2.044 4.004 0.736 -26.554 1.882 13.036 -1.018 -5.777 -110.946 103.554 0 197 12
434 2NCI 552 2.194 0.345 0.7768 SCORE: -73.794 -64.623 15.209 1.994 4.013 0.564 -24.909 1.943 12.453 -1.08 -6.264 -119.077 105.982 0 434 13
661 2NCI 567 2.293 0.3387 0.75 SCORE: -67.415 -64.782 16.343 1.939 4.155 0.727 -26.144 3.738 12.463 -1.14 -6.708 -113.971 105.964 0 661 14
990 2NCI 925 2.601 0.4376 0.7679 SCORE: -64.013 -64.323 14.597 2.695 5.394 0.961 -28.491 2.557 18.858 -1.466 -5.575 -106.464 97.245 0 990 15
1018 2NCI 943 2.698 0.3955 0.75 SCORE: -47.01 -63.511 20.849 2.103 4.821 0.878 -25.664 2.479 24.371 -0.781 -7.507 -106.259 101.212 0 1018 16
1056 2NCI 1212 2.937 0.2888 0.6875 SCORE: -28.88 -60.769 14.81 1.92 4.59 0.923 -28.305 3.307 21.176 -1.11 -2.773 -76.319 93.672 0 1056 17
1058 2NCI 1213 3.004 0.2759 0.6875 SCORE: -13.558 -63.092 22.43 1.899 4.752 1.638 -30.284 3.458 26.17 -1.038 -4.125 -76.782 101.416 0 1058 18
1061 2NCI 1211 3.165 0.2764 0.6607 SCORE: -5.54 -60.604 13.104 1.757 4.039 1.403 -28.763 2.918 27.646 -0.846 -2.751 -60.093 96.65 0 1061 19
1062 2NCI 22 4.364 0.2529 0.5804 SCORE: -104.489 -51.552 9.079 2.034 5.255 2.583 -30.926 7.86 7.378 0 -1.64 -129.12 74.562 0 1062 25
1063 2NCI 47 4.449 0.3297 0.625 SCORE: -150.091 -65.909 7.498 0.67 5.163 0.681 -44.926 2.798 3.436 -0.231 0 -133.318 74.048 0 1063 26
1065 2NCI 166 4.733 0.2862 0.5625 SCORE: -134.36 -60.492 5.73 0.978 2.498 2.008 -40.358 2.838 3.479 0 -4.878 -114.821 68.658 0 1065 28
1067 2NCI 246 5.112 0.2718 0.5446 SCORE: -160.645 -65.193 4.223 0.77 2.003 0.128 -40.287 2.448 3.171 0 -4.467 -136.239 72.799 0 1067 30
1070 2NCI 320 5.278 0.2468 0.5357 SCORE: -142.492 -57.718 5.516 1.411 4.331 -0.06 -33.059 7.897 3.577 0 -3.137 -142.959 71.709 0 1070 31
1071 2NCI 35 5.614 0.2742 0.5446 SCORE: -132.907 -52.014 6.17 0.919 4.714 1.094 -34.308 3.161 5.089 0 0 -133.887 66.153 0 1071 33
1073 2NCI 329 5.891 0.3217 0.5804 SCORE: -158.724 -62.326 4.453 0.83 3.311 1.236 -35.851 2.76 3.335 -0.76 -4.95 -148.732 77.97 0 1073 34
1076 2NCI 159 6.042 0.2647 0.5357 SCORE: -128.194 -60.888 4.269 0.665 7.378 2.154 -36.862 2.651 4.208 -0.682 -6.876 -112.126 67.915 0 1076 35
1077 2NCI 316 6.269 0.2058 0.4911 SCORE: -137.915 -60.471 8.641 1.481 6.14 2.395 -40.549 3.904 5.586 0 0 -139.615 74.572 0 1077 36
1078 2NCI 375 6.302 0.2453 0.5179 SCORE: -38.686 -63.305 38.246 7.205 11.318 3.702 -33.62 13.13 20.4 -0.735 -10.289 -128.428 103.689 0 1078 37
1082 2NCI 367 6.629 0.2702 0.5089 SCORE: -149.597 -59.595 3.925 0.682 3.378 0.402 -36.006 2.762 2.586 0 -0.691 -134.222 67.182 0 1082 38
1084 2NCI 208 6.715 0.2796 0.4732 SCORE: -159.161 -63.442 4.65 0.608 4.195 1.362 -39.854 2.01 2.893 0 0 -140.296 68.712 0 1084 39
1088 2NCI 210 6.996 0.2658 0.4643 SCORE: -170.013 -69.328 4.725 0.635 4.207 0.976 -38.793 2.03 3.375 0 -2.574 -147.974 72.708 0 1088 40
