1 2LP9 1 0 1 1 SCORE: -21.336 -43.601 4.28 0.238 1.827 0.613 -17.447 5.404 5.955 -0.198 -0.006 -45.088 66.689 0 1 1
3 2LP9 2 0.624 0.576 0.9688 SCORE: -30.911 -43.064 3.814 0.239 1.756 0.599 -18.004 5.514 6.6 -0.27 -0.324 -51.948 64.176 0 3 4
5 2LP9 677 0.841 0.3592 0.9531 SCORE: -51.984 -39.399 8.175 1.547 2.237 0.559 -12.641 2.957 6.851 -0.598 -3.99 -72.637 54.955 0 5 5
69 2LP9 628 1.013 0.3389 0.9063 SCORE: -47.383 -38.581 8.089 1.578 2.637 0.437 -15.205 3.054 8.54 -0.552 -3.812 -69.639 56.072 0 69 6
246 2LP9 653 1.126 0.3302 0.9063 SCORE: -50.641 -39.486 10.005 1.514 2.347 0.137 -16.101 3.192 9.551 -0.487 -4.973 -73.635 57.295 0 246 7
436 2LP9 618 1.226 0.2841 0.9375 SCORE: -49.206 -38.261 7.014 1.611 2.689 0.603 -15.254 3.482 7.72 -0.451 -2.318 -71.366 55.326 0 436 8
676 2LP9 355 1.548 0.3632 0.8594 SCORE: -84.68 -37.528 3.509 0.385 1.485 0.075 -21.69 0.893 2.216 -0.249 0 -75.581 41.804 0 676 9
804 2LP9 367 1.731 0.3624 0.8906 SCORE: -90.632 -38.768 2.201 0.36 0.94 0.516 -20.218 0.94 1.462 0 0 -75.658 37.594 0 804 10
942 2LP9 364 1.861 0.2962 0.8438 SCORE: -89.585 -37.124 2.441 0.362 1.434 0.021 -22.397 0.776 1.602 -0.304 0 -75.654 39.259 0 942 11
1325 2LP9 370 2.077 0.3261 0.8281 SCORE: -92.675 -38.094 2.432 0.365 1.516 0.777 -23.252 1.522 1.089 0 0 -75.448 36.419 0 1325 12
1449 2LP9 369 2.143 0.3038 0.8281 SCORE: -90.665 -39.375 2.569 0.363 0.869 0.45 -21.346 1.304 0.928 -0.233 0 -75.586 39.392 0 1449 13
1810 2LP9 87 2.374 0.3017 0.7969 SCORE: -89.236 -37.955 2.202 0.347 1.638 1.003 -21.034 1.817 1.446 -0.407 0 -75.501 37.209 0 1810 14
1944 2LP9 80 2.515 0.2951 0.7813 SCORE: -86.649 -33.657 2.304 0.36 1.253 0.59 -19.522 1.656 1.6 0 0 -77.519 36.286 0 1944 15
2015 2LP9 129 2.714 0.2836 0.7656 SCORE: -85.424 -36.037 2.554 0.363 2.308 0.717 -21.113 1.437 1.008 0 0 -70.091 33.429 0 2015 16
2054 2LP9 83 2.939 0.2567 0.75 SCORE: -88.275 -34.925 2.806 0.354 1.526 0.763 -19.839 1.054 1.45 0 0 -79.93 38.466 0 2054 17
2065 2LP9 50 2.987 0.3515 0.7813 SCORE: -88.305 -36.659 2.879 0.373 1.726 0.785 -23.487 1.359 1.265 0 -4.306 -68.264 36.025 0 2065 18
2088 2LP9 368 3.151 0.2798 0.7656 SCORE: -90.575 -33.812 2.72 0.434 1.543 -0.107 -19.682 1.982 0.93 0 -3.884 -80.122 39.422 0 2088 19
2113 2LP9 250 3.359 0.2833 0.7656 SCORE: -91.976 -37.119 3.41 0.431 3.026 1.012 -20.678 2.835 2.211 0 -11.55 -76.247 40.694 0 2113 20
2139 2LP9 407 3.639 0.2919 0.7344 SCORE: -83.01 -36.894 2.265 0.351 1.789 0.198 -22.251 0.706 0.889 -0.091 0 -69.291 39.319 0 2139 21
2142 2LP9 408 3.658 0.2758 0.6875 SCORE: -83.772 -38.003 2.298 0.354 2.346 0.813 -22.551 0.821 2.045 0 0 -69.602 37.705 0 2142 22
2159 2LP9 182 3.874 0.392 0.7813 SCORE: -73.073 -33.202 3.598 0.333 1.838 0.116 -20.772 1.005 2.151 0 -3.677 -65.102 40.639 0 2159 23
2171 2LP9 352 4.122 0.3437 0.7656 SCORE: -83.209 -36.811 3.72 0.363 1.498 0.72 -23.671 1.678 2.418 0 -4.254 -69.357 40.489 0 2171 24
2178 2LP9 406 4.226 0.2281 0.6875 SCORE: -82.546 -36.944 2.666 0.43 1.737 0.495 -21.722 1.439 0.993 0 0 -63.251 31.612 0 2178 25
2189 2LP9 66 4.449 0.1344 0.625 SCORE: -79.672 -31.822 2.893 1.993 3.566 0.343 -20.453 2.422 1.998 0 0 -79.748 39.135 0 2189 26
2193 2LP9 249 4.573 0.2469 0.6563 SCORE: -83.717 -32.364 2.282 0.423 1.813 0.375 -21.692 3.46 2.037 0 0 -74.934 34.883 0 2193 27
2206 2LP9 343 4.872 0.2991 0.7031 SCORE: -76.151 -30.074 3.429 0.427 1.306 0.209 -17.942 1.634 1.12 0 0 -76.578 40.318 0 2206 28
2208 2LP9 69 4.978 0.2804 0.6875 SCORE: -80.924 -32 3.483 0.582 3.089 0.085 -19.213 3.075 2.853 0 -4.71 -75.543 37.374 0 2208 29
2214 2LP9 285 5.209 0.2031 0.5625 SCORE: -75.272 -38.21 3.439 0.514 1.283 0.112 -22.108 2.208 2.861 0 0 -58.494 33.122 0 2214 30
2216 2LP9 279 5.245 0.2125 0.5469 SCORE: -70.795 -36.822 3.035 0.404 1.99 0.601 -21.312 0.857 1.924 0 0 -59.05 37.578 0 2216 31
2227 2LP9 74 5.508 0.3485 0.6875 SCORE: -83.661 -32.395 3.06 0.402 1.865 0.631 -23.545 1.957 1.555 0 0 -74.713 37.522 0 2227 32
