1 1LC6 1 0 1 1 SCORE: 133.044 -62.277 88.783 1.645 4.844 2.184 50.45 4.705 6.763 -0.349 0 -77.956 114.251 0 1 1
2 1LC6 12 0.601 0.7601 0.9792 SCORE: 139.055 -63.607 96.315 1.575 5.021 1.661 60.202 4.694 7.082 -0.329 0 -83.974 110.416 0 2 4
4 1LC6 24 0.709 0.6712 0.9792 SCORE: 105.057 -63.037 75.803 1.665 2.576 0.996 36.169 4.097 7.575 -1.71 0 -74.237 115.161 0 4 5
7 1LC6 37 0.901 0.5718 0.9583 SCORE: 115.173 -62.348 90.629 1.6 4.544 1.311 37.984 3.039 7.123 0 0 -79.626 110.916 0 7 6
12 1LC6 11 1.215 0.5043 0.8958 SCORE: 102.299 -61.093 84.934 1.433 4.532 0.894 25.829 3.543 7.151 -0.418 0 -75.984 111.478 0 12 7
20 1LC6 441 1.333 0.3745 0.8646 SCORE: -57.215 -55.867 11.867 1.437 2.705 1.137 -22.345 1.771 10.262 0 -1.861 -96.356 90.036 0 20 8
100 1LC6 703 1.546 0.3085 0.8229 SCORE: -44.905 -56.235 18.214 1.691 3.363 1.661 -22.19 1.732 13.299 0 -2.002 -87.917 83.478 0 100 9
187 1LC6 759 1.631 0.2945 0.8125 SCORE: -46.046 -55.115 14.196 1.797 3.313 1.161 -21.811 1.59 13.423 0 -1.363 -86.665 83.427 0 187 10
304 1LC6 493 1.779 0.3686 0.8333 SCORE: -43.46 -58.825 21.252 1.46 3.402 0.965 -23.175 1.976 8.278 0 -1.74 -85.244 88.192 0 304 11
542 1LC6 954 1.986 0.288 0.7917 SCORE: -40.762 -54.989 10.731 1.646 3.717 0.726 -23.098 1.715 19.71 0 -0.772 -85.978 85.831 0 542 12
678 1LC6 1098 2.244 0.2785 0.7396 SCORE: -40.001 -57.809 9.198 2.074 3.141 0.281 -21.154 2.22 22.762 0 -4.633 -82.261 86.18 0 678 13
754 1LC6 1126 2.343 0.2424 0.6979 SCORE: -46.428 -55.644 10.687 1.796 2.974 0.28 -21.844 2.141 15.45 0 -3.856 -81.636 83.224 0 754 14
919 1LC6 369 2.525 0.2577 0.7083 SCORE: -87.271 -50.882 10.569 0.83 2.45 0.922 -31.339 2.56 4.938 -1.321 0 -92.554 66.556 0 919 15
1056 1LC6 1202 2.671 0.2222 0.6771 SCORE: -44.482 -54.245 11.038 1.54 2.641 0.428 -20.175 2.321 19.014 0 -1.821 -83.328 78.105 0 1056 16
1164 1LC6 307 2.865 0.2413 0.7188 SCORE: -114.465 -52.289 4 0.61 3.31 1.07 -34.193 4.022 1.889 -0.338 0 -95.873 53.326 0 1164 17
1203 1LC6 158 3.056 0.2 0.6563 SCORE: -125.162 -45.135 3.846 0.762 2.754 1.007 -28.983 3.28 2.366 0 0 -119.299 54.239 0 1203 18
1210 1LC6 437 3.184 0.1871 0.625 SCORE: -135.233 -56.07 8.734 0.687 1.915 0.674 -34.29 2.101 3.914 -0.391 -4.247 -133.138 74.879 0 1210 19
1213 1LC6 63 3.468 0.2046 0.6042 SCORE: -119.157 -52.382 6.951 0.611 2.883 1.243 -32.756 3.141 3.816 0 0 -111.044 58.38 0 1213 20
1215 1LC6 189 3.559 0.2032 0.6771 SCORE: -125.3 -55.329 5.213 0.52 2.413 -0.103 -30.137 1.736 2.08 -0.612 0 -110.587 59.505 0 1215 21
1218 1LC6 200 3.71 0.1446 0.5625 SCORE: -138.553 -55.189 5.757 0.7 3.102 1.117 -33.336 3.132 4.278 0 0 -131.253 63.14 0 1218 22
1223 1LC6 312 3.916 0.183 0.5938 SCORE: -123.713 -51.626 7.2 0.546 2.384 0.461 -30.483 1.611 1.999 -0.47 -4.752 -115.061 64.479 0 1223 23
1225 1LC6 80 4.051 0.2142 0.625 SCORE: -135.106 -59.116 6.037 0.546 2.306 1.171 -34.109 1.909 2.729 0 0 -118.392 61.813 0 1225 24
1227 1LC6 120 4.253 0.2097 0.6042 SCORE: -141.818 -55.446 3.68 0.75 1.574 0.919 -33.226 1.795 1.679 0 0 -124.019 60.476 0 1227 25
1231 1LC6 240 4.376 0.1838 0.5417 SCORE: -141.353 -58.603 5.504 0.53 2.563 0.896 -32.329 1.103 1.813 0 -3.634 -124.319 65.124 0 1231 26
1234 1LC6 384 4.672 0.205 0.5625 SCORE: -108.853 -50.005 4.787 0.649 3.971 0.801 -31.094 2.724 4.106 -0.323 0 -101.867 57.397 0 1234 27
1237 1LC6 73 4.847 0.1936 0.5833 SCORE: -132.265 -55.934 7.63 1.241 4.195 1.111 -34.731 2.682 2.245 -0.289 0 -121.372 60.957 0 1237 28
1251 1LC6 75 5.061 0.1508 0.5521 SCORE: -132.44 -52.767 3.781 0.554 3.137 1.461 -30.467 2.449 2.466 -0.594 -4.509 -118.582 60.632 0 1251 29
1255 1LC6 118 5.125 0.1618 0.5313 SCORE: -134.474 -57.355 6.872 0.752 3.592 0.346 -33.554 2.591 4.522 0 -5.03 -116.392 59.181 0 1255 30
1270 1LC6 239 5.392 0.1628 0.5104 SCORE: -135.484 -58.609 5.912 0.548 2.511 0.382 -35.021 1.444 2.51 0 0 -116.925 61.765 0 1270 31
1272 1LC6 194 5.425 0.1733 0.5625 SCORE: -130.717 -58.182 3.845 0.517 2.453 0.327 -35.535 1.296 2.512 0 0 -106.02 58.069 0 1272 32
