1 2MHI 1 0 1 1 SCORE: 419.011 -150.392 255.597 3.389 16.963 13.024 82.141 20.144 15.468 -1.033 -1.662 -129.38 294.753 0 1 1
2 2MHI 17 0.711 0.9212 0.9858 SCORE: 415.982 -147.928 250.485 3.181 17.754 16.916 74.487 20.672 15.503 -1.741 -1.837 -120.604 289.096 0 2 10
4 2MHI 10 0.802 0.906 0.9575 SCORE: 369.861 -148.084 223.778 3.737 15.964 13.562 70.892 20.78 15.389 -1.697 -2.002 -133.896 291.438 0 4 12
7 2MHI 6 0.914 0.8894 0.9481 SCORE: 491.418 -151.998 268.974 3.506 16.795 12.029 135.048 18.996 15.899 -1.459 -5.776 -121.497 300.901 0 7 13
8 2MHI 14 0.947 0.8764 0.9387 SCORE: 369.968 -147.058 224.652 3.436 14.699 13.786 63.536 18.067 15.697 -1.945 0 -118.668 283.766 0 8 14
11 2MHI 18 1.062 0.8581 0.9151 SCORE: 437.888 -155.764 269.853 2.989 17.715 12.996 62.48 18.977 15.464 -1.92 0 -107.092 302.19 0 11 15
14 2MHI 15 1.228 0.8241 0.9292 SCORE: 379.695 -147.275 226.325 3.48 18.057 14.334 65.698 18.508 15.654 -0.63 -1.154 -118.346 285.043 0 14 17
15 2MHI 19 1.236 0.8148 0.8915 SCORE: 375.509 -147.343 225.642 3.24 16.668 14.465 49.501 19.282 14.994 -1.473 -0.436 -102.425 283.393 0 15 18
17 2MHI 7 1.332 0.81 0.8774 SCORE: 413.031 -148.832 245.829 3.6 17.129 13.48 72.849 16.334 15.217 -2.217 -1.259 -107.961 288.862 0 17 19
19 2MHI 12 1.504 0.7482 0.8255 SCORE: 457.313 -147.215 250.152 3.765 16.987 15.99 103.158 18.064 15.118 -1.272 -1.004 -104.629 288.198 0 19 21
20 2MHI 9 1.529 0.7447 0.8208 SCORE: 446.883 -151.155 261.312 3.375 16.419 11.582 100.333 19.229 14.804 -1.065 -2.085 -113.697 287.832 0 20 22
21 2MHI 421 1.641 0.7322 0.7925 SCORE: 28.798 -120.216 57.699 2.982 10.773 5.835 -49.118 17.634 25.874 -1.092 -10.337 -113.914 202.676 0 21 23
22 2MHI 422 1.894 0.6868 0.7594 SCORE: 3.459 -130.792 59.47 3.185 12.99 5.124 -51.097 13.667 31.699 -0.798 -7.903 -142.348 210.262 0 22 27
23 2MHI 423 2.006 0.6782 0.75 SCORE: 0.869 -135.039 63.807 3.269 13.391 5.812 -54.304 12.764 27.149 -1.718 -15.118 -136.598 217.455 0 23 28
33 2MHI 526 2.079 0.6591 0.7406 SCORE: -39.957 -136.533 51.136 3.179 15.096 5.263 -61.617 15.435 23.77 -1.968 -19.863 -160.016 226.161 0 33 29
118 2MHI 527 2.123 0.6518 0.7358 SCORE: -42.862 -136.403 51.685 3.098 14.857 5.096 -61.701 15.519 23.147 -2.201 -19.488 -162.913 226.443 0 118 30
247 2MHI 631 2.214 0.6338 0.7217 SCORE: -34.34 -135.631 59.922 3.095 14.561 4.997 -56.239 15.363 26.224 -2.047 -18.202 -167.123 220.743 0 247 31
252 2MHI 658 2.245 0.6215 0.7217 SCORE: -36.232 -136.922 57.113 3.59 15.229 5.864 -59.646 15.547 26.227 -1.648 -20.066 -157.714 216.194 0 252 32
296 2MHI 833 2.313 0.6108 0.6981 SCORE: -36.012 -136.145 57.932 3.442 15.185 5.366 -59.981 16.607 42.591 -1.146 -21.608 -170.385 212.129 0 296 33
420 2MHI 818 2.417 0.5891 0.6792 SCORE: -30.818 -136.64 47.555 3.824 15.925 5.6 -60.428 14.488 32.269 -1.549 -15.566 -152.59 216.295 0 420 34
432 2MHI 840 2.473 0.579 0.6792 SCORE: -13.572 -139.846 74.315 3.237 15.284 4.546 -56.561 13.132 35.734 -1.09 -24.242 -160.224 222.144 0 432 35
440 2MHI 767 2.565 0.5739 0.6745 SCORE: -4.176 -138.701 65.985 3.923 15.677 5.769 -53.436 16.365 34.677 -1.615 -18.154 -155.245 220.58 0 440 36
444 2MHI 845 2.622 0.5542 0.6651 SCORE: -27.277 -139.591 59.268 3.018 16.268 5.62 -58.898 13.049 40.986 -0.792 -27.194 -155.415 216.405 0 444 37
462 2MHI 860 2.734 0.5239 0.6226 SCORE: -20.521 -138.57 61.269 3.852 15.647 6.13 -64.466 13.684 37.14 -1.25 -26.456 -148.139 220.638 0 462 38
469 2MHI 863 2.77 0.5195 0.6179 SCORE: -32.507 -138.735 47.123 3.082 15.743 5.841 -64.144 13.906 40.574 -1.017 -25.133 -141.313 211.566 0 469 39
475 2MHI 864 2.891 0.4936 0.6085 SCORE: -5.519 -137.176 50.721 3.321 15.48 5.258 -56.975 14.293 35.833 -1.571 -24.374 -124.363 214.033 0 475 40
