1 2FDT 1 0 1 1 SCORE: -120.799 -77.451 3.082 0.547 1.523 1.716 -37.265 3.786 7.276 -0.548 0 -120.235 96.77 0 1 1
2 2FDT 3 0.672 0.8707 0.9931 SCORE: -83.845 -94.772 33.373 0.795 2.856 0.472 -39.362 2.383 3.555 0 -0.151 -131.563 138.569 0 2 4
4 2FDT 4 0.774 0.8352 0.9653 SCORE: -90.118 -93.545 31.959 0.834 3.657 1.113 -37.499 2.325 3.403 0 0 -133.492 131.126 0 4 5
8 2FDT 7 0.871 0.8145 0.9583 SCORE: -82.959 -91.951 32.782 0.754 2.484 0.053 -37.766 2.882 3.307 -0.002 -0.827 -131.669 136.994 0 8 6
11 2FDT 412 1.209 0.7208 0.8819 SCORE: -104.195 -95.279 20.731 1.873 3.057 1.02 -32.774 2.232 13.463 0 -2.647 -159.426 143.555 0 11 7
28 2FDT 457 1.379 0.6293 0.8472 SCORE: -119.505 -97.525 18.161 2.572 3.774 1.132 -35.929 1.923 10.943 -0.231 -3.293 -162.905 141.872 0 28 8
115 2FDT 414 1.457 0.6157 0.8472 SCORE: -119.132 -95.953 17.987 2.538 3.559 0.958 -34.692 2.032 11.53 -0.23 -3.326 -165.112 141.579 0 115 9
257 2FDT 533 1.576 0.5689 0.8056 SCORE: -110.485 -95.887 18.275 2.62 3.825 0.589 -37.443 2.247 11.984 0 -3.125 -148.054 134.485 0 257 10
418 2FDT 817 1.845 0.5123 0.7847 SCORE: -103.841 -96.393 20.093 3.322 5.976 2.751 -35.689 3.487 20.963 0 -9.359 -157.967 138.977 0 418 11
466 2FDT 844 2.083 0.4738 0.7361 SCORE: -81.43 -97.494 22.002 2.826 7.701 3.902 -37.33 4.536 24.133 0 -7.852 -137.456 133.601 0 466 12
486 2FDT 885 2.144 0.5119 0.7778 SCORE: -78.052 -95.559 21.173 2.896 7.403 3.321 -36.313 3.493 22.318 0 -10.4 -128.65 132.267 0 486 13
534 2FDT 865 2.345 0.4345 0.7292 SCORE: -60.678 -96.6 23.467 3.069 7.263 2.915 -33.959 3.74 24.382 0 -5.496 -117.472 128.015 0 534 14
640 2FDT 167 2.512 0.4392 0.7153 SCORE: -211.899 -88.341 5.587 0.879 3.395 0.937 -49.567 3.354 3.657 0 0 -182.999 91.198 0 640 15
739 2FDT 166 2.726 0.4306 0.6944 SCORE: -210.517 -85.928 6.466 0.828 3.409 0.472 -50.829 2.596 3.917 -0.167 -8.735 -178.557 96.011 0 739 16
750 2FDT 251 2.83 0.4575 0.7222 SCORE: -208.171 -89.839 6.9 1.076 3.015 0.01 -52.589 2.702 4.009 -0.645 -8.627 -166.135 91.953 0 750 17
753 2FDT 248 3.048 0.4081 0.6736 SCORE: -202.948 -91.391 10.994 0.777 2.714 0.176 -50.962 1.742 2.655 0 -3.974 -169.017 93.338 0 753 18
760 2FDT 169 3.277 0.3614 0.6597 SCORE: -214.374 -86.166 5.734 1.041 3.267 2.195 -50.51 4.941 3.208 0 0 -184.511 86.427 0 760 19
766 2FDT 171 3.406 0.3728 0.6736 SCORE: -220.876 -92.235 7.443 0.911 2.958 -0.054 -52.258 2.592 5.348 -0.534 -4.915 -187.954 97.822 0 766 20
769 2FDT 91 3.503 0.4003 0.6597 SCORE: -215.453 -89.298 7.401 0.852 1.833 1.105 -50.812 2.735 5.259 -0.131 0 -191.177 96.778 0 769 21
775 2FDT 370 3.713 0.3398 0.5972 SCORE: -202.325 -89.422 6.113 0.811 2.637 1.414 -50.806 3.018 4.093 0 0 -165.75 85.568 0 775 22
781 2FDT 289 3.957 0.3347 0.6111 SCORE: -198.622 -82.724 7.015 0.782 4.041 0.855 -49.027 1.788 3.256 0 0 -179.754 95.146 0 781 23
783 2FDT 369 4.139 0.3318 0.5694 SCORE: -197.266 -83.578 6.127 1.053 4.81 1.758 -51.154 4.142 3.604 -0.301 0 -168.888 85.162 0 783 24
784 2FDT 211 4.195 0.3606 0.5903 SCORE: -212.909 -87.557 6.2 0.877 2.546 0.99 -46.108 2.821 4.011 -0.582 -2.319 -188.121 94.334 0 784 25
789 2FDT 244 4.403 0.3269 0.5972 SCORE: -193.368 -84.539 8.228 0.851 5.122 2.623 -51.706 4.104 8.001 -0.151 -3.714 -178.485 96.298 0 789 26
798 2FDT 170 4.655 0.3505 0.5903 SCORE: -215.737 -87.436 5.884 0.807 1.908 1.178 -47.371 3.861 3.017 0 0 -187.385 89.8 0 798 27
801 2FDT 210 4.744 0.3353 0.5694 SCORE: -209.249 -83.047 5.991 0.849 3.395 0.541 -47.681 3.702 5.232 -0.428 0 -190.167 92.365 0 801 28
805 2FDT 247 5.104 0.3251 0.5764 SCORE: -200.146 -88.028 7.887 0.851 3.564 1.847 -49.523 4.278 6.002 -0.369 0 -179.801 93.146 0 805 30
814 2FDT 165 5.365 0.3535 0.5694 SCORE: -206.685 -89.639 7.351 0.878 2.252 0.068 -51.326 3.985 4.593 -0.485 0 -178.184 93.822 0 814 31
818 2FDT 410 5.507 0.2965 0.5139 SCORE: -199.418 -77.757 6.862 0.901 4.619 0.564 -48.324 3.638 2.715 -0.58 -4.817 -178.028 90.787 0 818 32
822 2FDT 411 5.723 0.2961 0.5208 SCORE: -202.368 -92.835 11.195 0.942 2.445 1.864 -51.816 3.074 5.594 0 0 -169.826 86.994 0 822 33
