1 2LBJ 1 0 1 1 SCORE: 7.714 -28.187 18.674 0.408 0.923 0.939 -8.461 1.62 2.304 -1.737 0 -42.116 63.348 0 1 1
2 2LBJ 2 0.274 0.7837 1 SCORE: 8.306 -28.257 18.15 0.385 1.018 0.699 -9.74 1.597 2.296 -0.871 0 -40.004 63.032 0 2 2
3 2LBJ 3 0.395 0.6957 1 SCORE: 3.777 -27.839 15.572 0.39 0.936 0.917 -11.056 1.585 2.337 -1.924 0 -38.183 61.043 0 3 3
4 2LBJ 4 0.645 0.4837 0.9853 SCORE: 11.174 -27.897 16.971 0.401 0.946 0.915 -11.033 1.475 2.287 -1.195 0 -33.886 62.19 0 4 4
7 2LBJ 7 0.804 0.4189 0.9559 SCORE: 0.131 -27.845 12.438 0.407 0.927 0.962 -12.891 1.486 2.215 -1.596 0 -38.375 62.403 0 7 5
26 2LBJ 767 1.566 0.2902 0.8676 SCORE: -39.629 -40.747 13.111 1.542 1.633 -0.343 -14.038 1.304 10.369 0 -1.283 -74.492 63.314 0 26 9
53 2LBJ 317 1.636 0.2232 0.8088 SCORE: -100.802 -41.506 4.238 0.375 1.118 0.16 -22.992 1.099 1.577 -0.523 0 -90.163 45.815 0 53 10
639 2LBJ 287 1.893 0.2413 0.7794 SCORE: -98.54 -34.382 2.753 0.349 1.39 0.42 -21.024 2.036 1.628 0 0 -99.528 47.819 0 639 11
944 2LBJ 308 2.006 0.2175 0.7647 SCORE: -94.776 -41.642 5.008 0.397 0.66 0.347 -20.678 0.735 1.485 -0.076 0 -89.823 48.811 0 944 12
1458 2LBJ 85 2.259 0.2405 0.75 SCORE: -103.299 -37.808 2.967 0.391 0.929 0.045 -22.197 1.1 1.31 0 -5.017 -89.569 44.55 0 1458 13
1519 2LBJ 328 2.298 0.2298 0.7794 SCORE: -107.266 -43.28 2.851 0.408 1.577 0.351 -21.939 0.888 3.422 0 -3.396 -95.551 47.403 0 1519 14
1758 2LBJ 321 2.6 0.2105 0.7059 SCORE: -102.531 -43.295 3.6 0.363 0.636 0.281 -22.594 0.874 2.123 0 0 -90.506 45.988 0 1758 15
1777 2LBJ 326 2.64 0.1943 0.75 SCORE: -105.937 -43.289 2.724 0.388 1.519 0.343 -22.223 1.282 1.788 0 -4.075 -90.617 46.222 0 1777 16
1856 2LBJ 76 2.823 0.1885 0.6912 SCORE: -99.398 -39.929 3.983 0.394 0.835 0.641 -22.081 1.882 1.812 0 0 -96.495 49.562 0 1856 17
1919 2LBJ 324 3.027 0.1695 0.6765 SCORE: -104.57 -42.458 3.02 0.377 0.791 0.581 -24.102 0.928 1.943 0 0 -90.549 44.899 0 1919 18
1950 2LBJ 325 3.186 0.2295 0.6618 SCORE: -105.574 -41.999 2.635 0.379 0.746 0.517 -23.303 0.985 1.75 0 0 -90.318 43.034 0 1950 19
1994 2LBJ 327 3.477 0.1832 0.6471 SCORE: -106.32 -41.698 2.9 0.375 1.605 0.133 -23.025 0.808 1.718 0 0 -99.013 49.878 0 1994 20
2014 2LBJ 408 3.624 0.1932 0.6324 SCORE: -100.599 -43.059 2.832 0.364 2.017 1.04 -23.809 0.939 1.099 -0.128 -4.67 -80.465 43.242 0 2014 21
2025 2LBJ 407 3.716 0.2079 0.6618 SCORE: -101.061 -42.763 5.122 0.358 1.35 0.42 -22.55 0.631 1.514 -0.341 -8.179 -89.663 53.042 0 2025 22
2044 2LBJ 110 3.848 0.1482 0.6618 SCORE: -90.321 -37.943 3.345 0.416 2.07 0.729 -23.305 1.541 4.404 0 0 -85.387 43.808 0 2044 23
2056 2LBJ 127 4.051 0.1827 0.6471 SCORE: -99.303 -44.618 4.568 0.372 2.174 0.479 -24.627 0.511 1.998 -0.408 -2.583 -84.636 47.468 0 2056 24
2079 2LBJ 286 4.26 0.181 0.6029 SCORE: -97.9 -36.532 3.032 0.367 3.525 0.548 -22.256 1.513 1.469 0 -9.697 -82.86 42.991 0 2079 25
2094 2LBJ 400 4.455 0.1727 0.6176 SCORE: -93.565 -41.912 3.193 0.351 2.044 0.115 -24.666 0.342 0.804 -0.28 0 -75.515 41.959 0 2094 26
2108 2LBJ 401 4.7 0.1753 0.6176 SCORE: -93.679 -41.113 2.863 0.359 1.715 0.041 -21.433 0.455 1.506 0 0 -79.24 41.168 0 2108 27
2118 2LBJ 283 4.861 0.1889 0.5882 SCORE: -96.847 -38.785 2.965 0.387 2.32 0.519 -22.842 1.545 1.622 -0.438 0 -84.3 40.16 0 2118 28
2120 2LBJ 403 4.894 0.2056 0.6324 SCORE: -93.972 -40.829 3.037 0.352 2.067 0.184 -23.556 0.852 1.646 0 0 -80.537 42.812 0 2120 29
2134 2LBJ 124 5.194 0.2076 0.6176 SCORE: -97.16 -41.525 2.838 0.38 1.723 0.713 -21.474 0.965 1.301 0 0 -85.597 43.516 0 2134 30
2142 2LBJ 165 5.296 0.1692 0.5735 SCORE: -97.928 -40.175 3.87 0.354 1.439 -0.11 -20.636 0.736 1.686 0 0 -91.281 46.187 0 2142 31
2149 2LBJ 63 5.474 0.1945 0.6765 SCORE: -89.814 -37.642 3.896 0.408 0.951 0.166 -20.271 1.349 1.692 -0.208 0 -91.52 51.366 0 2149 32
2152 2LBJ 278 5.58 0.2006 0.5882 SCORE: -90.044 -40.447 5.332 0.404 2.497 0.903 -23.281 1.567 1.842 0 0 -80.295 41.434 0 2152 33
