1 2M21 1 0 1 1 SCORE: 23.508 -38.593 34.294 0.945 2.178 0.609 8.295 7.333 5.326 -0.59 0 -75.288 78.999 0 1 1
3 2M21 5 0.561 0.539 1 SCORE: 26.512 -38.229 35.816 1.03 2.142 0.801 12.203 8.049 5.131 -0.078 0 -73.461 73.108 0 3 4
4 2M21 3 0.818 0.5132 0.9405 SCORE: 4.811 -38.072 21.56 0.858 2.206 1.593 -3.131 7.911 5.159 -1.48 0 -69.567 77.775 0 4 5
6 2M21 8 0.918 0.4609 0.9643 SCORE: 17.976 -39.23 33.934 0.764 2.423 0.74 2.446 6.766 5.319 -0.552 0 -74.202 79.568 0 6 6
11 2M21 2 1.215 0.3781 0.9167 SCORE: 21.108 -39.903 32.118 0.865 2.798 1.108 9.642 7.611 4.887 -0.732 0 -74.71 77.425 0 11 7
12 2M21 7 1.335 0.3079 0.8929 SCORE: 62.639 -41.697 53.673 0.87 2.111 1.213 28.187 8.816 5.043 0 0 -79.216 83.64 0 12 8
13 2M21 13 1.42 0.3594 0.881 SCORE: 10.917 -40.085 35.375 0.588 2.696 0.537 -2.236 6.8 5.043 -0.728 0 -75.788 78.715 0 13 9
14 2M21 38 1.604 0.2358 0.8214 SCORE: -100.492 -46.751 4.471 0.474 3.07 -0.496 -28.615 1.476 2.408 -0.481 0 -90.699 54.652 0 14 10
19 2M21 53 1.862 0.2322 0.7976 SCORE: -114.799 -48.795 6.462 0.474 1.919 0.164 -29.373 1.018 1.945 0 0 -100.724 52.111 0 19 11
45 2M21 82 2.038 0.2278 0.7738 SCORE: -110.902 -45.639 4.129 0.713 1.784 0.62 -25.699 2.023 4.282 0 0 -107.722 54.607 0 45 12
180 2M21 580 2.212 0.2069 0.7381 SCORE: -65.436 -47.17 6.366 2.123 2.619 0.423 -22.257 1.667 9.044 -0.518 -4.678 -84.227 71.172 0 180 13
331 2M21 254 2.294 0.23 0.7381 SCORE: -124.721 -51.872 4.211 0.483 1.43 0.96 -30.418 1.262 2.543 0 0 -107.749 54.429 0 331 14
1008 2M21 374 2.519 0.1881 0.7262 SCORE: -126.509 -50.75 3.534 0.496 1.15 0.492 -29.74 2.423 2.893 -0.094 0 -108.345 51.432 0 1008 15
1184 2M21 174 2.658 0.2194 0.7619 SCORE: -123.216 -49.181 3.107 0.475 1.232 -0.073 -30.277 1.472 2.261 -0.166 0 -105.786 53.72 0 1184 16
1373 2M21 133 2.902 0.2476 0.7024 SCORE: -120.625 -48.374 3.805 0.446 1.898 0.351 -28.855 1.086 1.852 0 0 -106.351 53.517 0 1373 17
1452 2M21 210 3.09 0.2199 0.6905 SCORE: -116.307 -48.465 4.389 0.462 1.574 0.813 -28.475 1.16 1.685 0 0 -100.9 51.452 0 1452 18
1480 2M21 134 3.285 0.1906 0.7024 SCORE: -122.151 -48.97 4.366 0.485 1.433 0.986 -28.356 1.783 2.564 0 0 -109.461 53.019 0 1480 19
1488 2M21 88 3.338 0.1856 0.6548 SCORE: -114.61 -47.547 6.917 0.488 1.287 0 -26.345 1.663 1.991 -0.458 0 -106.793 54.186 0 1488 20
1502 2M21 91 3.587 0.1846 0.6905 SCORE: -118.158 -48.614 4.14 0.461 2.104 0.472 -31.582 1.17 1.869 -0.383 0 -100.938 53.143 0 1502 21
1521 2M21 373 3.773 0.1844 0.6429 SCORE: -120.71 -48.538 2.566 0.469 1.602 0.736 -26.662 1.853 2.417 0 0 -104.894 49.741 0 1521 22
1530 2M21 290 3.93 0.2202 0.7143 SCORE: -115.837 -44.89 2.759 0.48 2.409 0.81 -29.749 2.034 1.724 -0.249 0 -100.665 49.5 0 1530 23
1540 2M21 323 4.127 0.1758 0.6667 SCORE: -107.424 -48.046 4.662 0.744 3.536 1.382 -27.784 4.127 6.3 0 -8.334 -96.884 52.874 0 1540 24
1543 2M21 213 4.211 0.1724 0.6548 SCORE: -119.985 -47.176 3.622 0.552 2.297 1.107 -26.954 1.908 1.966 0 0 -110.242 52.936 0 1543 25
1567 2M21 212 4.525 0.2188 0.6786 SCORE: -116.683 -48.347 2.843 0.472 3.764 0.415 -29.21 1.046 3.166 0 -3.907 -100.753 53.827 0 1567 26
1574 2M21 412 4.577 0.1593 0.6429 SCORE: -108.676 -47.447 2.677 0.444 3.306 0.437 -31.101 0.73 2.602 0 0 -90.786 50.462 0 1574 27
1580 2M21 132 4.744 0.1591 0.5952 SCORE: -118.776 -46.762 4.33 0.531 2.688 0.416 -29.457 1.643 2.293 0 0 -106.382 51.924 0 1580 28
1594 2M21 285 4.952 0.1613 0.6548 SCORE: -110.132 -46.988 6.362 0.595 2.743 1.432 -28.382 2.683 2.176 0 -3.281 -102.161 54.689 0 1594 29
1607 2M21 253 5.152 0.1587 0.631 SCORE: -119.657 -49.176 3.909 0.443 2.858 0.558 -27.367 0.725 1.524 0 -4.019 -103.79 54.679 0 1607 30
1614 2M21 54 5.275 0.2109 0.6429 SCORE: -117.205 -47.171 3.04 0.496 2.475 0.824 -29.72 2.032 2.616 0 -4.696 -98.123 51.021 0 1614 31
1630 2M21 252 5.537 0.197 0.6429 SCORE: -120.052 -47.433 3.527 0.499 3.871 2 -31.461 2.111 3.097 0 -4.434 -101.382 49.554 0 1630 32
