1 2MXL 1 0 1 1 SCORE: -196.538 -102.319 4.616 0.689 3.079 1.751 -48.178 1.56 10.791 -0.852 -4.572 -182.849 119.746 0 1 1
2 2MXL 421 0.803 0.8438 0.9615 SCORE: -102.398 -104.919 19.914 2.018 4.284 2.016 -34.122 2.262 14.133 0 -4.55 -143.299 139.865 0 2 5
61 2MXL 422 1.21 0.7263 0.8846 SCORE: -114.411 -106.208 21.936 2.035 4.106 1.698 -33.554 2.223 12.168 0 -4.61 -153.656 139.451 0 61 7
65 2MXL 487 1.287 0.7035 0.8846 SCORE: -105.939 -106.689 19.189 2.192 4.179 1.538 -34.014 2.418 13.804 0 -4.368 -148.336 144.148 0 65 8
74 2MXL 485 1.447 0.6561 0.859 SCORE: -100.225 -105.674 20.335 2.308 4.144 1.258 -32.994 2.254 14.382 0 -4.33 -145.031 143.121 0 74 9
130 2MXL 520 1.73 0.6016 0.8141 SCORE: -101.177 -104.772 18.768 2.882 4.021 1.348 -35.194 2.273 14.916 0 -4.225 -143.628 142.435 0 130 10
298 2MXL 516 1.907 0.5684 0.7949 SCORE: -105.306 -104.757 20.295 2.824 3.996 1.03 -35.424 2.323 13.297 0 -4.504 -144.993 140.607 0 298 11
387 2MXL 546 1.947 0.5464 0.7564 SCORE: -102.819 -105.836 22.591 2.928 4.181 1.522 -34.945 2.712 15.019 0 -3.752 -149.116 141.877 0 387 12
672 2MXL 13 2.138 0.526 0.7564 SCORE: -198.902 -99.763 4.344 0.693 2.849 0.848 -45.338 1.68 10.322 -1.257 -4.384 -185.341 116.447 0 672 13
711 2MXL 706 2.295 0.498 0.7179 SCORE: -60.49 -104.651 33.151 3.156 5.17 1.138 -32.67 2.938 22.686 0 -5.295 -129.575 143.463 0 711 14
721 2MXL 12 2.492 0.4831 0.7372 SCORE: -197.265 -101.75 4.69 0.694 3.43 1.338 -46.055 1.838 11.056 -0.018 -4.039 -186.517 118.067 0 721 15
722 2MXL 9 2.854 0.4972 0.75 SCORE: -187.966 -99.433 4.742 0.691 2.922 0.929 -42.966 1.555 11.772 -1.008 -4.333 -182.032 119.195 0 722 17
723 2MXL 19 3.024 0.5579 0.7436 SCORE: -189.329 -100.048 4.659 0.693 3.207 1.607 -46.094 2.121 10.724 -1.459 -4.478 -180.323 120.063 0 723 18
727 2MXL 17 3.261 0.4357 0.6731 SCORE: -194.344 -102.19 4.63 0.691 3.752 1.221 -48.714 1.541 11.185 -1.606 -4.636 -177.648 117.43 0 727 19
730 2MXL 20 3.42 0.4035 0.6603 SCORE: -200.777 -104.355 4.875 0.698 3.615 0.775 -45.626 1.967 11.805 -0.471 -4.073 -194.585 124.599 0 730 20
732 2MXL 4 3.516 0.4028 0.6218 SCORE: -205.34 -103.34 4.635 0.696 4.596 1.283 -49.098 1.636 10.65 -0.472 -6.003 -191.559 121.638 0 732 21
734 2MXL 14 3.719 0.4368 0.6474 SCORE: -194.614 -100.292 4.545 0.693 3.129 1.23 -46.5 3.17 11.28 -2.159 -3.776 -187.406 121.472 0 734 22
735 2MXL 2 3.874 0.5049 0.6795 SCORE: -189.032 -99.789 4.927 0.691 2.807 0.779 -47.311 1.589 11.39 -1.17 -4.293 -178.157 119.507 0 735 23
736 2MXL 8 4.237 0.4861 0.6731 SCORE: -192.276 -100.002 4.277 0.693 3.164 1.391 -46.546 1.536 10.051 -1.105 -5.083 -175.028 114.376 0 736 25
737 2MXL 3 4.453 0.5016 0.6859 SCORE: -203.764 -103.108 4.83 0.687 2.762 1.313 -48.161 1.313 10.639 -0.888 -4.56 -187.427 118.836 0 737 26
741 2MXL 176 4.612 0.2786 0.5256 SCORE: -202.711 -95.337 8.613 0.82 5.731 -0.535 -53.862 2.259 4.284 -0.078 0 -175.595 100.989 0 741 27
742 2MXL 335 4.764 0.2552 0.5192 SCORE: -193.545 -89.718 7.072 0.959 5.052 1.247 -51.899 6.255 7.809 -0.133 0 -171.468 91.278 0 742 28
745 2MXL 179 5.13 0.3975 0.609 SCORE: -213.711 -101.819 10.38 0.835 4.34 0.062 -56.848 1.296 4.259 -0.266 0 -176.56 100.61 0 745 30
750 2MXL 178 5.391 0.2889 0.5 SCORE: -213.494 -99.617 9.939 0.815 4.855 -0.602 -55.072 1.514 2.809 0 0 -183.466 105.329 0 750 31
751 2MXL 419 5.462 0.3 0.5 SCORE: -213.806 -94.038 6.796 1.044 4.372 0.877 -55.712 3.143 3.906 0 -4.999 -170.085 90.89 0 751 32
754 2MXL 218 5.76 0.2531 0.4744 SCORE: -212.609 -98.022 7.649 0.935 6.722 2.678 -52.464 3.84 6.18 0 0 -184.754 94.628 0 754 33
755 2MXL 415 5.794 0.2711 0.4744 SCORE: -212.258 -90.087 6.984 0.948 5.318 0.156 -52.912 3.12 5.442 -0.283 -8.493 -186.625 104.174 0 755 34
761 2MXL 259 5.982 0.2652 0.4487 SCORE: -203.562 -90.293 8.189 0.895 4.319 0.524 -54.479 3.012 3.264 0 -3.534 -170.172 94.712 0 761 35
769 2MXL 339 6.22 0.2764 0.4679 SCORE: -208.583 -94.995 10.76 0.992 3.479 0.653 -49.883 3.338 5.008 0 0 -189.224 101.289 0 769 36
773 2MXL 59 6.354 0.3073 0.4872 SCORE: -210.333 -86.384 7.046 1.055 5.158 1.419 -54.416 3.769 4.922 0 -11.777 -172.574 91.451 0 773 37
