1 1XHP 1 0 1 1 SCORE: -11.866 -88.577 54.242 0.765 2.177 -0.343 -19.556 4.924 17.161 -0.238 0 -138.117 155.698 0 1 1
3 1XHP 5 0.264 0.966 1 SCORE: -20.055 -87.311 48.768 0.66 2.329 -0.339 -23.287 4.958 17.132 0 0 -137.692 154.726 0 3 2
7 1XHP 6 0.356 0.9458 1 SCORE: -19.581 -86.951 53.71 0.655 2.038 -0.421 -21.376 3.999 17.293 0 0 -139.685 151.157 0 7 3
10 1XHP 9 0.63 0.9259 0.9844 SCORE: 13.671 -84.843 64.346 0.721 2.122 -0.196 -5.67 5.172 18.128 -0.754 0 -138.735 153.379 0 10 4
37 1XHP 413 1.137 0.6357 0.8828 SCORE: -101.6 -83.762 21.386 2.978 3.049 0.323 -31.579 1.783 10.67 0 0 -141.113 114.664 0 37 7
231 1XHP 565 1.33 0.5744 0.8594 SCORE: -101.83 -82.49 14.513 3.211 3.557 0.332 -30.642 1.741 13.469 0 0 -137.495 111.974 0 231 8
433 1XHP 666 1.483 0.5576 0.8203 SCORE: -102.379 -82.406 13.251 3.361 3.516 0.87 -32.324 1.94 15.031 0 0 -136.139 110.521 0 433 9
509 1XHP 667 1.576 0.5417 0.8125 SCORE: -98.051 -83.071 16.391 3.355 3.643 0.802 -31.607 1.557 15.813 0 0 -139.464 114.529 0 509 10
700 1XHP 835 1.829 0.4953 0.7813 SCORE: -87.892 -81.351 11.914 3.265 3.74 0.035 -34.416 2.15 17.982 -0.528 -3.15 -121.547 114.015 0 700 11
844 1XHP 892 2.045 0.4939 0.7656 SCORE: -86.511 -80.901 15.84 2.576 3.674 0.758 -31.575 1.877 20.194 -0.459 0 -128.292 109.798 0 844 12
873 1XHP 861 2.143 0.4449 0.75 SCORE: -78.258 -81.136 13.934 2.684 3.546 0.652 -32.096 2.204 21.719 -0.39 0 -120.314 110.939 0 873 13
920 1XHP 329 2.394 0.4663 0.7578 SCORE: -165.088 -77.258 5.381 0.689 4.138 0.31 -42.903 1.875 2.682 0 -1.675 -137.467 79.14 0 920 14
925 1XHP 287 2.465 0.3749 0.7188 SCORE: -168.372 -76.866 5.106 0.695 2.309 0.649 -41.518 1.729 3.296 -0.318 0 -145.377 81.922 0 925 15
932 1XHP 170 2.633 0.3889 0.7109 SCORE: -189.356 -82.478 5.558 0.703 3.256 0.642 -45.597 1.54 4.795 -0.608 -3.995 -155.651 82.479 0 932 16
934 1XHP 289 2.89 0.3596 0.6875 SCORE: -177.26 -80.175 6.47 0.749 3.209 0.227 -46.553 2.442 3.577 -0.109 0 -147.13 80.034 0 934 17
935 1XHP 409 3.083 0.3433 0.6406 SCORE: -163.852 -78.611 5.608 0.896 4.708 0.893 -43.78 2.859 3.848 0 -4.095 -138.045 81.866 0 935 18
939 1XHP 49 3.306 0.32 0.6328 SCORE: -180.136 -79.326 5.494 0.738 4.671 1.17 -46.703 2.381 3.306 0 -2.743 -146.339 77.214 0 939 19
940 1XHP 50 3.326 0.3192 0.625 SCORE: -182.283 -77.201 5.562 0.863 3.002 0.517 -43.712 2.752 3.231 -0.341 0 -154.928 77.971 0 940 20
951 1XHP 290 3.638 0.3455 0.6406 SCORE: -177.735 -77.631 5.054 0.673 3.937 0.133 -44.28 1.674 2.92 -0.727 0 -155.865 86.376 0 951 21
956 1XHP 330 3.764 0.2999 0.6016 SCORE: -169.4 -73.55 5.243 0.837 1.965 1.096 -43.18 2.673 3.244 0 -4.669 -137.41 74.351 0 956 22
959 1XHP 368 3.9 0.3279 0.6094 SCORE: -167.806 -74.603 5.755 0.937 3.59 1.121 -40.711 3.61 3.625 0 0 -149.229 78.098 0 959 23
968 1XHP 247 4.129 0.2937 0.6094 SCORE: -173.379 -82.746 9.57 0.768 3.451 1.151 -41.969 2.141 4.464 0 -4.722 -145.262 79.774 0 968 24
969 1XHP 206 4.351 0.3713 0.6172 SCORE: -175.216 -76.858 5.566 0.703 2.706 0.769 -45.984 1.699 2.552 -0.698 0 -145.815 80.144 0 969 25
973 1XHP 243 4.495 0.3399 0.6563 SCORE: -167.935 -72.425 4.523 0.738 3.276 1.207 -41.802 2.453 5.351 0 -4.808 -146.573 80.125 0 973 26
977 1XHP 249 4.671 0.3022 0.5938 SCORE: -175.986 -77.377 5.705 0.761 4.022 1.016 -46.934 2.685 3.685 -0.604 -9.748 -142.91 83.713 0 977 27
982 1XHP 89 4.777 0.289 0.5703 SCORE: -173.844 -72.755 4.984 0.948 4.193 1.007 -41.008 2.351 4.288 0 0 -154.317 76.465 0 982 28
990 1XHP 370 5.004 0.3161 0.5859 SCORE: -178.173 -76.431 5.871 0.772 2.978 0.461 -44.824 2.222 5.094 -0.391 0 -159.55 85.626 0 990 29
1000 1XHP 200 5.211 0.2879 0.5469 SCORE: -172.111 -71.841 8.555 0.994 3.944 0.784 -43.142 6.487 9.712 -0.861 0 -175.876 89.134 0 1000 30
1002 1XHP 245 5.345 0.2893 0.5703 SCORE: -169.718 -75.05 5.543 0.807 3.756 1.436 -44.426 2.332 2.351 -0.155 0 -140.783 74.471 0 1002 31
1005 1XHP 208 5.449 0.3211 0.6016 SCORE: -177.2 -77.573 6.237 0.702 4.999 0.069 -42.981 1.501 4.485 -0.392 -4.629 -158.469 88.85 0 1005 32
