1 2N6X 1 0 1 1 SCORE: 59.755 -77.796 49.33 1.084 1.939 2.462 -21.444 8.421 5.14 -2.524 0 -136.952 230.094 0 1 1
2 2N6X 7 1.24 0.7535 0.8895 SCORE: 71.749 -79.115 55.64 1.266 1.987 2.579 -14.118 8.943 5.613 -2.084 0 -139.22 230.26 0 2 8
3 2N6X 411 1.843 0.5862 0.7733 SCORE: -17.753 -86.555 37.48 2.545 1.759 1.744 -27.28 7.609 19.522 -0.57 0 -151.194 177.187 0 3 11
4 2N6X 4 1.997 0.5696 0.8081 SCORE: 59.256 -81.174 51.247 1.134 1.649 2.547 -19.486 9.109 5.819 -0.879 0 -143.658 232.948 0 4 12
6 2N6X 3 2.133 0.5838 0.7849 SCORE: 67.057 -81.854 59.354 1.247 1.685 2.41 -11.883 8.642 5.956 -2.12 0 -144.778 228.397 0 6 13
8 2N6X 412 2.397 0.4814 0.6802 SCORE: -28.633 -93.336 32.677 2.82 1.95 1.613 -30.556 7.13 22.635 -0.528 0 -145.327 172.29 0 8 14
9 2N6X 413 2.571 0.4809 0.6744 SCORE: -26.999 -99.228 37.352 3.059 1.985 1.681 -29.648 6.707 15.719 -0.748 0 -145.485 181.606 0 9 15
22 2N6X 559 2.751 0.4679 0.6802 SCORE: -55.676 -100.435 30.979 3.313 1.902 1.68 -36.358 6.004 19.084 -0.51 0 -153.666 172.332 0 22 16
178 2N6X 614 2.919 0.4479 0.6744 SCORE: -61.295 -100.916 29.971 3.414 1.892 1.754 -37.617 3.716 21.077 -0.629 0 -152.345 168.387 0 178 17
183 2N6X 534 2.926 0.4383 0.657 SCORE: -65.517 -99.63 27.945 3.139 1.978 1.671 -38.554 5.706 15.796 -0.529 0 -152.945 169.907 0 183 18
405 2N6X 677 3.228 0.4113 0.6337 SCORE: -58.562 -103.45 29.661 3.58 1.895 2.172 -39.22 3.697 24.034 -0.386 0 -144.038 163.492 0 405 19
486 2N6X 717 3.364 0.3885 0.6047 SCORE: -61.647 -101.739 25.078 3.507 2.299 1.616 -40.068 3.254 24.582 -0.38 0 -143.646 163.851 0 486 20
604 2N6X 786 3.552 0.4244 0.6279 SCORE: -58.574 -99.973 22.538 3.405 2.36 1.915 -40.874 4.005 26.653 -0.385 0 -136.859 158.641 0 604 21
673 2N6X 752 3.715 0.3837 0.5988 SCORE: -69.95 -101.486 23.234 3.649 2.619 1.351 -41.055 3.809 24.681 -0.298 0 -144.084 157.63 0 673 22
688 2N6X 746 3.789 0.3534 0.6163 SCORE: -60.982 -103.408 25.748 3.177 2.451 1.551 -42.52 3.429 25.882 -0.176 0 -141.099 163.983 0 688 23
703 2N6X 817 3.995 0.4223 0.6163 SCORE: -51.184 -103.221 23.359 3.278 3.068 1.723 -43.752 3.272 27.455 -0.729 0 -131.002 165.366 0 703 24
704 2N6X 9 4.202 0.4596 0.6744 SCORE: 80.274 -77.388 57.094 1.082 1.532 2.353 -16.326 7.589 5.026 -1.298 0 -138.344 238.954 0 704 25
705 2N6X 10 4.42 0.4566 0.657 SCORE: 70.014 -78.523 51.71 1.253 1.682 2.429 -15.373 8.393 5.849 -3.448 0 -138.262 234.303 0 705 26
706 2N6X 6 6.883 0.4783 0.6105 SCORE: 69.169 -80.335 52.236 1.21 1.672 2.347 -16.327 8.508 5.642 -2.008 0 -139.935 236.158 0 706 40
