1 2N6S 1 0 1 1 SCORE: -6.974 -91.169 35.826 0.884 0.569 2.322 -12.579 8.015 9.907 -2.142 0 -133.188 174.583 0 1 1
3 2N6S 7 0.86 0.8362 0.9792 SCORE: -8.042 -92.535 38.984 0.806 0.537 2.123 -12.93 8.45 8.692 -0.8 0 -134.267 172.898 0 3 5
6 2N6S 4 0.983 0.7742 0.9167 SCORE: -17.848 -94.988 33.343 0.87 0.209 2.199 -17.941 8.308 4.079 -1.905 0 -133.417 181.396 0 6 6
9 2N6S 411 1.139 0.7145 0.8889 SCORE: -59.881 -87.465 20.37 2.514 2.824 1.034 -29.617 4.182 16.067 -0.422 0 -122.64 133.272 0 9 7
11 2N6S 3 1.364 0.7557 0.9236 SCORE: -29.481 -94.671 29.178 0.806 0.369 2.052 -22.878 7.992 6.578 -2.006 0 -134.827 177.926 0 11 8
12 2N6S 590 1.715 0.5422 0.7986 SCORE: -86.653 -90.742 15.286 3.571 3.317 0.24 -37.171 4.523 14.866 -0.551 0 -127.991 127.999 0 12 10
14 2N6S 579 1.759 0.5583 0.7847 SCORE: -90.599 -91.942 15.997 3.433 3.548 0.405 -36.523 3.489 14.852 -0.427 0 -133.692 130.26 0 14 11
165 2N6S 486 2.075 0.5104 0.7986 SCORE: -97.699 -92.769 19.076 3.113 3.31 0.491 -35.249 4.211 12.524 -0.405 0 -141.31 129.31 0 165 12
284 2N6S 678 2.189 0.4381 0.7222 SCORE: -98.614 -89.604 15.608 3.937 4.286 0.386 -41 2.388 15.374 -0.624 0 -136.772 127.408 0 284 13
450 2N6S 768 2.339 0.4339 0.7222 SCORE: -102.114 -88.138 12.637 3.942 4.138 0.408 -38.841 3.27 19.005 -0.296 0 -140.145 121.906 0 450 14
713 2N6S 399 2.556 0.5191 0.7292 SCORE: -191.59 -85.966 7.055 1.149 2.326 0.496 -47.438 3.311 6.953 0 -4.424 -165.328 90.276 0 713 15
756 2N6S 701 2.62 0.4124 0.7014 SCORE: -86.825 -88.699 17.815 3.602 4.548 0.835 -40.86 4.586 21.939 -0.31 0 -141.503 131.222 0 756 16
804 2N6S 202 2.963 0.3618 0.6528 SCORE: -184.97 -87.174 8.114 1.039 3.137 0.33 -52.699 2.8 8.032 0 0 -163.924 95.374 0 804 17
806 2N6S 407 2.986 0.3966 0.6875 SCORE: -201.26 -83.15 4.829 0.879 3.738 1.56 -52.128 4.273 4.673 0 0 -174.111 88.177 0 806 18
813 2N6S 128 3.279 0.3749 0.6319 SCORE: -209.479 -85.581 6 1.017 2.75 1.472 -52.586 3.312 3.353 0 -4.689 -174.378 89.851 0 813 19
814 2N6S 205 3.395 0.4386 0.6736 SCORE: -197.753 -87.852 6.437 1.024 2.268 0.253 -48.751 5.249 4.685 -0.247 0 -171.017 90.198 0 814 20
816 2N6S 250 3.514 0.3915 0.6528 SCORE: -218.291 -88.388 5.269 0.877 2.578 1.354 -53.819 3.911 3.75 -0.231 0 -185.991 92.398 0 816 21
824 2N6S 130 3.823 0.4549 0.7014 SCORE: -219.135 -90.37 5.763 1.055 2.073 1.13 -49.807 3.392 3.615 0 0 -186.274 90.289 0 824 22
829 2N6S 210 3.945 0.3806 0.6528 SCORE: -216.859 -89.513 5.857 1.108 2.394 0.834 -51.983 2.706 4.761 0 0 -189.515 96.492 0 829 23
833 2N6S 289 4.121 0.3249 0.6111 SCORE: -205.225 -84.605 7.678 0.863 3.807 1.413 -49.716 4.262 2.839 0 -3.197 -179.965 91.395 0 833 24
840 2N6S 90 4.316 0.4029 0.6181 SCORE: -217.055 -89.865 5.524 1.241 2.907 1.701 -48.757 3.913 5.233 -0.064 -4.388 -183.272 88.774 0 840 25
848 2N6S 168 4.511 0.3456 0.6042 SCORE: -210.518 -87.644 7.191 0.861 3.301 0.895 -51.616 3.06 6.654 0 0 -185.282 92.063 0 848 26
852 2N6S 89 4.593 0.3528 0.6042 SCORE: -211.671 -87.382 5.431 1.179 2.295 0.98 -47.949 4.422 6.144 -0.142 0 -186.345 89.697 0 852 27
858 2N6S 327 4.859 0.3064 0.5903 SCORE: -206.372 -81.328 6.009 0.848 3.719 0.603 -53.604 4.006 4.873 -0.467 -4.713 -182.17 95.851 0 858 28
864 2N6S 410 4.998 0.3959 0.6389 SCORE: -212.417 -89.187 5.877 0.814 3.015 0.794 -52.638 3.268 3.211 -0.118 0 -180.093 92.64 0 864 29
867 2N6S 328 5.072 0.3159 0.5625 SCORE: -206.933 -86.248 10.614 0.931 2.074 1.746 -51.298 4.433 4.328 -0.236 0 -189.095 95.817 0 867 30
876 2N6S 49 5.34 0.3788 0.6181 SCORE: -208.802 -85.335 5.618 0.883 2.478 0.348 -50.122 3.607 4.376 0 0 -181.064 90.408 0 876 31
878 2N6S 288 5.422 0.3349 0.5625 SCORE: -203.495 -83.731 4.501 0.821 4.751 0.8 -50.808 3.149 3.661 -0.045 -4.974 -171.234 89.612 0 878 32
883 2N6S 207 5.633 0.3997 0.6181 SCORE: -206.13 -87.999 6.056 1.461 3.737 2.23 -49.481 4.111 3.79 0 0 -176.833 86.798 0 883 33
891 2N6S 126 5.826 0.3475 0.6042 SCORE: -203.783 -82.64 5.197 0.848 2.741 0.485 -51.34 2.922 4.479 -0.4 0 -178.111 92.038 0 891 34
