1 1OW9 1 0 1 1 SCORE: -16.802 -64.078 30.093 0.557 2.789 0.664 -18.153 2.049 5.292 -0.131 -1.167 -77.041 102.326 0 1 1
2 1OW9 8 0.259 0.8843 1 SCORE: -12.917 -64.943 33.957 0.546 2.568 0.795 -17.99 2.415 5.12 -2.161 -0.016 -77.307 104.098 0 2 2
3 1OW9 3 0.648 0.6599 0.9783 SCORE: -5.451 -64.981 34.53 0.557 2.634 0.45 -20.329 2.439 5.059 -1.116 -0.263 -69.133 104.702 0 3 4
6 1OW9 4 0.83 0.611 0.9457 SCORE: -9.294 -63.192 34.161 0.547 2.517 0.714 -18.175 2.183 5.158 0 -2.754 -73.6 103.147 0 6 5
8 1OW9 2 0.963 0.4952 0.9348 SCORE: -12.778 -65.79 30.156 0.537 2.941 1.104 -21.096 2.449 5.083 -0.477 0 -72.328 104.643 0 8 6
10 1OW9 412 1.069 0.4394 0.9239 SCORE: -46.469 -61.366 33.869 1.182 2.612 1.104 -19.804 1.543 8.225 0 -3.351 -99.763 89.281 0 10 7
14 1OW9 415 1.339 0.3902 0.8696 SCORE: -61.127 -63.976 24.965 1.484 2.632 1.134 -22.314 1.548 8.733 0 -3.958 -98.931 87.557 0 14 8
52 1OW9 474 1.503 0.3462 0.8587 SCORE: -66.709 -64.044 19.474 1.523 2.81 0.979 -22.533 1.563 7.287 0 -4.726 -95.138 86.098 0 52 9
120 1OW9 523 1.701 0.3142 0.8152 SCORE: -67.377 -65.213 22.679 1.681 2.89 1.093 -22.874 1.504 7.525 0 -4.957 -99.473 87.768 0 120 10
143 1OW9 91 1.863 0.2726 0.7935 SCORE: -146.792 -61.604 3.514 0.499 2.899 0.261 -33.019 1.2 2.757 0 -4.285 -121.389 62.375 0 143 11
225 1OW9 129 1.973 0.2992 0.7826 SCORE: -134.361 -64.177 7.006 0.508 3.216 0.585 -33.932 0.952 1.869 0 -3.088 -109.864 62.565 0 225 12
509 1OW9 410 2.178 0.2599 0.7609 SCORE: -133.764 -61.242 6.565 0.496 3.096 0.563 -32.661 0.898 2.529 0 -2.777 -115.621 64.391 0 509 13
974 1OW9 286 2.427 0.2295 0.7283 SCORE: -133.643 -61.82 9.464 0.549 3.324 0.426 -32.228 2.799 2.393 0 -5.954 -115.358 62.762 0 974 14
1045 1OW9 90 2.477 0.2203 0.7391 SCORE: -138.72 -59.347 4.259 0.527 2.682 1.379 -33.528 1.973 2.276 0 0 -113.741 54.801 0 1045 15
1236 1OW9 291 2.737 0.2531 0.75 SCORE: -156.166 -65.558 3.935 0.504 3.228 0.482 -32.873 1.292 2.132 0 -11.429 -122.747 64.869 0 1236 16
1254 1OW9 131 2.829 0.262 0.7609 SCORE: -148.909 -63.645 3.754 0.507 2.834 0.907 -33.866 1.672 3.228 0 0 -128.747 64.447 0 1254 17
1270 1OW9 365 2.981 0.1849 0.6522 SCORE: -131.347 -59.517 4.058 0.511 2.556 1.07 -31.161 1.407 2.053 0 0 -107.949 55.626 0 1270 18
1282 1OW9 411 3.248 0.2514 0.6739 SCORE: -139.725 -60.545 4.85 0.516 2.627 1.335 -31.916 1.507 2.562 -0.455 -1.941 -121.078 62.815 0 1282 19
1294 1OW9 171 3.472 0.2153 0.663 SCORE: -137.913 -59.78 4.58 0.541 2.992 1.375 -33.293 1.743 2.474 0 -3.767 -112.171 57.395 0 1294 20
1299 1OW9 364 3.652 0.213 0.6413 SCORE: -128.648 -58.522 6.313 0.502 2.32 0.017 -34.046 1.058 2.777 -0.582 0 -108.66 60.176 0 1299 21
1302 1OW9 368 3.775 0.2406 0.6522 SCORE: -135.606 -59.986 4.144 0.498 2.948 0.805 -32.51 1.309 2.285 0 -3.388 -109.347 57.636 0 1302 22
1309 1OW9 209 3.868 0.2455 0.663 SCORE: -133.853 -61.591 5.792 0.508 3.025 0.302 -31.51 1.187 1.546 0 -3.773 -104.619 55.279 0 1309 23
1316 1OW9 85 4.158 0.1964 0.6413 SCORE: -129.511 -56.396 4.263 0.491 2.838 0.211 -32.21 1.507 2.111 0 0 -108.697 56.371 0 1316 24
1322 1OW9 370 4.293 0.1953 0.6196 SCORE: -141.286 -57.21 5.084 0.648 5.398 1.134 -33.022 2.718 2.395 0 -16.996 -107.911 56.475 0 1322 25
1326 1OW9 369 4.421 0.1857 0.587 SCORE: -137.805 -60.074 4.459 0.521 2.385 0.633 -31.551 1.466 2.288 0 0 -115.388 57.456 0 1326 26
1328 1OW9 329 4.587 0.203 0.6196 SCORE: -125.162 -53.409 4.14 0.574 2.363 1.702 -31.925 2.191 2.077 0 0 -107.668 54.793 0 1328 27
1335 1OW9 280 4.737 0.2008 0.5761 SCORE: -120.055 -54.551 7.155 0.499 2.304 0.507 -30.091 1.568 2.83 0 0 -108.59 58.313 0 1335 28
1345 1OW9 130 4.993 0.2048 0.6413 SCORE: -140.031 -58.195 5.541 0.55 3.008 1.228 -32.555 1.723 2.033 -0.044 0 -122.251 58.932 0 1345 29
1355 1OW9 202 5.177 0.2051 0.5543 SCORE: -116.012 -57.077 8.325 0.501 4.387 0.767 -30.111 1.234 3.863 0 -3.668 -109.787 65.553 0 1355 30
1356 1OW9 128 5.3 0.1879 0.5978 SCORE: -132.132 -56.236 4.77 0.509 2.794 0.381 -31.429 1.641 2.957 0 -4.974 -114.048 61.503 0 1356 31
