1 1R7W 1 0 1 1 SCORE: -108.379 -83.313 15.036 0.731 2.847 1.489 -37.036 2.745 1.548 -0.767 -1.58 -137.668 127.59 0 1 1
2 1R7W 421 1.039 0.7476 0.9265 SCORE: -89.412 -82.117 18.919 1.914 3.381 1.61 -27.768 2.363 14.019 0 -4.378 -141.23 123.874 0 2 7
6 1R7W 496 1.615 0.5824 0.8309 SCORE: -98.223 -85.403 19.621 2.466 3.499 1.56 -29.739 2.265 15.308 0 -4.281 -152.929 129.409 0 6 10
47 1R7W 468 1.665 0.577 0.8309 SCORE: -105.616 -85.844 17.767 2.47 3.707 1.162 -29.976 2.219 12.279 0 -4.9 -151.775 127.276 0 47 11
206 1R7W 610 1.933 0.5033 0.7721 SCORE: -92.78 -87.189 24.184 2.781 3.647 1.163 -32.014 2.51 16.328 0 -3.825 -146.862 126.497 0 206 12
276 1R7W 6 2.09 0.6371 0.8382 SCORE: -102.288 -83.264 12.002 0.722 5.59 3.431 -38.106 3.141 1.311 0 -2.875 -132.482 128.243 0 276 13
404 1R7W 671 2.248 0.4504 0.7426 SCORE: -97.726 -83.553 16.521 2.973 3.728 1.331 -34.789 2.499 17.78 0 -4.916 -135.292 115.991 0 404 14
472 1R7W 8 2.333 0.4521 0.75 SCORE: -105.278 -85.449 13.943 0.738 4.629 2.176 -40.015 10.824 4.108 0 -2.45 -142.158 128.377 0 472 15
643 1R7W 908 2.547 0.3792 0.6912 SCORE: -99.365 -82.857 13.511 3.046 4.746 1.647 -34.902 2.322 22.116 0 -3.967 -141.567 116.541 0 643 16
725 1R7W 800 2.623 0.3902 0.7206 SCORE: -112.444 -82.917 12.92 2.947 4.863 1.969 -33.046 2.285 19.109 0 -4.32 -152.708 116.454 0 725 17
819 1R7W 847 2.767 0.3558 0.6765 SCORE: -95.927 -86.651 18.599 3.231 5.216 1.688 -32.544 2.828 24.519 0 -1.212 -153.718 122.116 0 819 18
847 1R7W 13 2.99 0.3881 0.7132 SCORE: -88.951 -80.528 14.588 0.68 2.772 2.375 -33.759 3.309 1.294 -0.443 -3.343 -123.223 127.327 0 847 19
849 1R7W 7 3.222 0.5091 0.75 SCORE: -114.173 -82.601 12.904 0.756 5.252 2.022 -40.321 2.958 1.374 -0.82 -2.498 -143.62 130.421 0 849 20
850 1R7W 5 3.296 0.5044 0.75 SCORE: -98.438 -79.793 12.914 0.724 4.45 1.756 -39.122 5.693 1.534 -0.187 -3.039 -131.511 128.141 0 850 21
851 1R7W 9 3.697 0.4826 0.7206 SCORE: -102.733 -83.565 13.852 0.703 4.078 2.506 -39.88 4.827 1.674 0 -2.246 -127.201 122.52 0 851 23
853 1R7W 18 3.797 0.4829 0.6985 SCORE: -54.09 -77.985 15.66 0.736 4.924 2.221 -31.706 3.663 2.928 0 -2.901 -102.403 130.772 0 853 24
855 1R7W 20 3.974 0.468 0.6765 SCORE: -111.303 -84.46 19.165 0.72 5.378 1.743 -41.614 3.721 1.487 -0.781 -2.658 -133.909 119.904 0 855 25
856 1R7W 4 4.533 0.4616 0.6985 SCORE: -76.785 -87.371 15.12 0.741 4.023 1.887 -37.494 5.557 2.867 -0.935 -4.311 -120.56 143.69 0 856 28
857 1R7W 3 4.544 0.367 0.6176 SCORE: -82.381 -83.588 14.603 0.746 2.975 2.922 -33.824 6.579 2.861 -0.49 -2.661 -124.424 131.919 0 857 29
858 1R7W 2 4.81 0.3453 0.625 SCORE: -58.706 -83.513 19.312 0.723 3.405 4.594 -35.839 6.729 2.266 -0.351 -2.848 -117.125 143.942 0 858 30
859 1R7W 14 5.738 0.3505 0.5441 SCORE: -66.998 -86.148 19.902 0.69 4.43 2.305 -36.426 5.182 1.353 -0.331 -2.934 -100.523 125.502 0 859 36
860 1R7W 37 6.488 0.284 0.5147 SCORE: -152.044 -77.897 13.815 2.457 5.707 3.444 -43.258 5.59 13.541 -0.295 0 -169.655 94.507 0 860 40
