1 5KQE 1 0 1 1 SCORE: -33.768 -95.916 37.157 0.757 4.697 2.294 -47.848 4.557 3.363 -0.26 0 -92.546 149.977 0 1 1
2 5KQE 9 0.289 0.9701 1 SCORE: -34.422 -95.866 36.623 0.774 4.76 2.104 -48.002 5.002 3.529 -0.907 0 -93.999 151.561 0 2 2
3 5KQE 5 0.342 0.9586 1 SCORE: -44.837 -96.239 34.322 0.755 4.446 1.334 -48.904 5.3 3.481 -0.003 0 -93.941 144.611 0 3 3
7 5KQE 20 0.53 0.9151 0.9931 SCORE: -35.883 -96.488 36.646 0.76 3.778 0.958 -46.971 4.736 3.378 -0.497 -0.276 -92.252 150.346 0 7 4
8 5KQE 13 0.703 0.8952 0.9792 SCORE: -33.651 -96.535 35.686 0.755 4.895 1.608 -48.902 5.155 3.758 -0.402 0 -91.587 151.918 0 8 5
9 5KQE 2 0.991 0.8116 0.9375 SCORE: -37.515 -96.998 37.436 0.744 4.583 2.127 -47.042 4.092 3.597 -0.002 0 -97.202 151.15 0 9 6
11 5KQE 12 1.243 0.8569 0.9375 SCORE: -39.823 -95.411 34.706 0.777 3.48 0.831 -48.532 4.989 3.739 -0.802 0 -93.06 149.461 0 11 8
13 5KQE 18 1.356 0.7582 0.8958 SCORE: -32.991 -97.511 35.895 0.762 5.409 2.38 -47.193 4.845 4.067 -0.624 0 -93.475 152.455 0 13 9
14 5KQE 421 1.596 0.554 0.7986 SCORE: -75.56 -84.202 20.9 2.714 4.83 0.928 -33.451 5.031 15.329 -0.444 0 -134.498 127.302 0 14 10
19 5KQE 579 1.829 0.576 0.7986 SCORE: -83.178 -88.047 21.673 2.78 4.521 0.936 -36.481 5.068 14.93 -0.19 0 -138.744 130.377 0 19 11
55 5KQE 445 1.89 0.5683 0.7847 SCORE: -95.882 -89.43 21.787 2.792 5.052 1.15 -35.911 4.825 12.424 -0.137 0 -152.141 133.708 0 55 12
235 5KQE 696 2.14 0.4932 0.75 SCORE: -93.46 -91.146 18.906 3.338 4.927 0.859 -35.314 4.074 18.379 -0.865 0 -147.872 131.254 0 235 13
347 5KQE 641 2.298 0.4782 0.75 SCORE: -91.674 -88.555 18.929 3.299 4.514 0.86 -35.991 4.323 18.639 -0.783 0 -143.977 127.068 0 347 14
414 5KQE 654 2.375 0.4659 0.7361 SCORE: -88.499 -88.194 17.504 3.221 4.829 0.77 -35.045 5.739 18.419 -0.835 0 -143.566 128.659 0 414 15
644 5KQE 806 2.59 0.4306 0.6944 SCORE: -76.807 -91.006 19.839 3.202 5.367 1.421 -36.383 3.181 21.373 0 0 -125.277 121.475 0 644 16
799 5KQE 916 2.791 0.4673 0.7153 SCORE: -69.714 -90.202 20.832 2.626 6.278 1.994 -36.609 2.817 23.2 -0.634 0 -122.653 122.639 0 799 17
803 5KQE 1029 2.846 0.4079 0.6597 SCORE: -51.318 -86.432 26.288 2.623 6.924 1.164 -36.433 3.282 33.591 -0.66 -1.44 -119.37 119.144 0 803 18
806 5KQE 50 5.569 0.3498 0.5556 SCORE: -170.53 -78.406 9.453 1.047 4.676 0.937 -47.115 2.001 3.501 -0.259 0 -160.921 94.557 0 806 34
807 5KQE 39 6.689 0.2279 0.4236 SCORE: -149.39 -71.395 10.076 1.062 7.221 1.217 -45.95 3.957 7.023 -0.17 0 -159.505 97.073 0 807 40
