1 2M12 1 0 1 1 SCORE: 32.967 -47.241 43.774 0.539 1.738 1.755 5.218 5.664 3.264 -0.059 0 -72.144 90.46 0 1 1
2 2M12 4 0.999 0.507 0.9348 SCORE: 16.762 -46.981 44.489 0.552 2.175 1.969 -5.545 3.85 2.774 -0.092 0 -81.065 94.634 0 2 6
3 2M12 411 1.156 0.3848 0.913 SCORE: -36.175 -51.037 11.634 1.084 1.267 1.728 -20.241 4.633 10.961 0 0 -79.183 82.978 0 3 7
5 2M12 655 1.375 0.3219 0.8478 SCORE: -21.641 -53.776 32.908 1.705 2.767 1.798 -20.639 2.22 11.352 0 0 -75.784 75.809 0 5 8
15 2M12 412 1.527 0.3108 0.8043 SCORE: -32.119 -50.051 20.622 1.553 1.575 1.874 -22.988 3.981 11.038 0 0 -75.28 75.558 0 15 9
25 2M12 644 1.659 0.2839 0.8152 SCORE: -43.434 -53.72 14.656 1.748 1.891 1.63 -22.387 3.046 10.569 0 0 -76.882 76.015 0 25 10
98 2M12 527 1.855 0.2988 0.8043 SCORE: -42.61 -52.429 16.77 1.775 1.729 1.203 -22.952 4.202 11.438 0 0 -80.808 76.463 0 98 11
292 2M12 482 1.957 0.2591 0.7609 SCORE: -45.576 -52.69 16.115 1.729 1.6 1.309 -23.541 4.601 10.006 0 0 -80.892 76.186 0 292 12
583 2M12 561 2.102 0.2402 0.7717 SCORE: -39.002 -53.113 16.387 1.631 1.475 1.372 -23.662 4.544 12.439 0 0 -79.656 79.581 0 583 13
1017 2M12 963 2.425 0.3658 0.8043 SCORE: -28.187 -53.581 11.066 1.459 4.884 3.172 -27.723 2.954 15.565 -0.448 0 -68.657 83.122 0 1017 14
1146 2M12 981 2.523 0.2689 0.75 SCORE: -27.822 -52.378 11.217 1.41 4.386 2.386 -26.585 4.15 18.385 0 0 -65.284 74.493 0 1146 15
1248 2M12 991 2.69 0.2841 0.7283 SCORE: -18.019 -50.844 11.171 1.595 4.315 2.857 -24.209 5.57 23.977 0 0 -65.316 72.864 0 1248 16
1265 2M12 971 2.829 0.2637 0.7391 SCORE: -22.261 -51.293 11.091 1.407 5.244 2.804 -24.445 5.834 18.309 0 0 -64.628 73.416 0 1265 17
1271 2M12 195 2.988 0.2406 0.6957 SCORE: -121.936 -46.698 3.467 0.749 2.854 0.767 -28.327 2.42 3.81 0 0 -117.91 56.931 0 1271 18
1273 2M12 330 3.144 0.2154 0.6848 SCORE: -132.821 -47.536 2.554 0.557 2.445 1.237 -27.758 2.743 2.378 0 -11.715 -114.168 56.441 0 1273 19
1274 2M12 35 3.401 0.2209 0.6304 SCORE: -110.847 -58.664 6.879 0.516 2.277 -0.285 -32.371 1.296 3.638 -0.219 0 -95.804 61.891 0 1274 20
1275 2M12 79 3.663 0.259 0.6848 SCORE: -134.523 -52.898 3.281 0.641 2.663 0.524 -32.094 1.054 2.131 0 0 -118.905 59.081 0 1275 22
1277 2M12 352 3.955 0.2368 0.663 SCORE: -117.011 -51.145 7.364 0.545 4.533 0.581 -27.783 3.292 5.085 -0.252 -4.46 -118.779 64.008 0 1277 23
1279 2M12 266 4.076 0.2093 0.6522 SCORE: -108.627 -56.678 11.187 0.531 3.028 0.531 -30.351 2.164 5.801 0 -3.386 -107.541 66.086 0 1279 24
1281 2M12 49 4.274 0.2545 0.6522 SCORE: -124.354 -61.514 7.194 0.521 2.406 0.445 -32.18 1.865 3.089 -0.239 -4.052 -100.099 58.21 0 1281 25
1285 2M12 83 4.377 0.2492 0.6413 SCORE: -138.691 -62.632 7.065 0.511 2.577 0.044 -32.619 0.886 2.268 -0.134 -2.372 -122.321 68.036 0 1285 26
1289 2M12 204 4.535 0.2141 0.6087 SCORE: -128.457 -51.531 3.672 0.618 2.942 0.759 -30.084 2.827 1.883 -0.133 -4.37 -110.831 55.791 0 1289 27
1295 2M12 84 4.775 0.2602 0.6413 SCORE: -138.673 -60.807 5.864 0.494 2.711 0.041 -32.476 1.126 2.247 -0.466 -2.71 -119.808 65.111 0 1295 28
1301 2M12 248 4.996 0.224 0.6304 SCORE: -145.56 -60.22 4.4 0.543 2.258 0.524 -31.534 1.858 2.075 0 -3.785 -119.06 57.381 0 1301 29
1304 2M12 369 5.134 0.2314 0.6196 SCORE: -129.528 -52.983 4.207 0.52 2.356 0.524 -32.249 1.832 2.497 0 -4.851 -109.386 58.006 0 1304 30
1312 2M12 71 5.306 0.2113 0.587 SCORE: -126.615 -56.327 4.909 0.501 1.804 0.413 -31.013 1.269 2.128 0 0 -110.942 60.643 0 1312 31
1326 2M12 76 5.568 0.2464 0.5978 SCORE: -132.849 -61.592 7.289 0.519 2.101 0.666 -32.991 1.178 2.413 -0.685 -3.928 -110.201 62.382 0 1326 32
1337 2M12 82 5.72 0.2109 0.5326 SCORE: -137.455 -59.689 5.623 0.534 3.074 0.443 -31.682 1.224 2.579 0 -3.855 -115.446 59.739 0 1337 33
1341 2M12 74 5.891 0.2909 0.6304 SCORE: -128.766 -55.485 3.699 0.519 2.508 -0.133 -29.657 1.395 2.372 -0.96 0 -110.776 57.751 0 1341 34
1348 2M12 87 6.023 0.2735 0.587 SCORE: -141.829 -63.604 6.376 0.508 3.361 0.335 -32.249 0.984 2.926 0 -3.226 -120.283 63.045 0 1348 35
