1 2LDT 1 0 1 1 SCORE: 44.457 -85.91 85.604 0.702 2.062 0.585 2.282 1.87 6.324 -0.135 -5.635 -110.888 147.597 0 1 1
2 2LDT 414 1.484 0.5936 0.8548 SCORE: -42.245 -79.425 24.341 1.936 2.44 1.151 -27.348 2.398 16.087 -0.569 0 -107.447 124.191 0 2 9
5 2LDT 526 1.902 0.486 0.7742 SCORE: -55.191 -80.061 25.474 2.177 2.521 0.958 -29.593 6.554 13.926 -0.578 0 -116.525 119.956 0 5 11
123 2LDT 431 2.075 0.4383 0.7661 SCORE: -62.271 -79.936 25.9 2.138 2.729 1.062 -30.554 6.574 14.424 -0.565 0 -123.864 119.823 0 123 12
233 2LDT 621 2.217 0.432 0.7581 SCORE: -63.039 -79.095 23.814 2.662 2.687 1.293 -30.637 2.911 19.189 -0.518 -0.01 -120.905 115.569 0 233 13
322 2LDT 680 2.44 0.4393 0.7742 SCORE: -60.165 -80.333 28.001 2.602 2.155 0.536 -26.958 2.524 18.895 -0.599 0 -127.491 120.504 0 322 14
373 2LDT 687 2.5 0.4349 0.7581 SCORE: -64.06 -78.944 22.031 2.44 2.157 0.435 -28.658 2.338 19.233 -0.614 0 -120.773 116.295 0 373 15
550 2LDT 714 2.646 0.4079 0.7419 SCORE: -58.209 -79.876 31.601 2.147 2.377 0.327 -28.44 2.65 17.539 -0.535 0 -125.42 119.421 0 550 16
884 2LDT 756 2.962 0.4411 0.7419 SCORE: -61.008 -80.652 23.26 2.474 3.381 0.352 -29.149 2.938 20.065 -0.59 0 -122.532 119.444 0 884 17
907 2LDT 781 3.019 0.4275 0.7339 SCORE: -45.859 -81.255 32.979 2.212 3.107 0.5 -28.441 2.695 18.605 -0.669 0 -116.718 121.125 0 907 18
933 2LDT 798 3.155 0.415 0.7097 SCORE: -42.018 -80.181 30.65 2.502 3.373 0.374 -28.986 2.813 23.045 -0.66 0 -116.308 121.36 0 933 19
939 2LDT 165 3.411 0.4274 0.7097 SCORE: -161.546 -71.931 6.032 0.831 4.229 0.188 -40.669 8.081 3.661 0 0 -150.671 78.704 0 939 20
941 2LDT 8 3.806 0.483 0.6774 SCORE: 31.242 -89.65 75.055 0.716 2.412 0.344 -8.949 1.649 6.151 -0.087 -3.033 -103.486 150.119 0 941 22
942 2LDT 13 3.896 0.4823 0.6855 SCORE: 4.604 -85.825 71.863 0.709 2.021 0.396 -18.482 1.431 6.098 -0.516 -3.044 -113.249 143.202 0 942 23
943 2LDT 412 4.088 0.3128 0.6129 SCORE: -168.995 -71.655 7.027 0.961 3.909 1.747 -42.89 4.625 5.255 0 -5.101 -151.78 78.907 0 943 24
945 2LDT 287 4.842 0.2873 0.5484 SCORE: -163.511 -66.389 5.378 1.172 4.431 1.657 -42.063 5.409 3.541 -0.558 -5.017 -148.83 77.755 0 945 28
950 2LDT 293 5.155 0.2974 0.5806 SCORE: -173.926 -72.594 5.593 0.696 2.949 0.711 -41.052 2.653 2.555 0 0 -154.408 78.97 0 950 30
952 2LDT 170 5.265 0.325 0.5806 SCORE: -167.402 -70.753 5.783 0.777 5.442 2.453 -44.416 3.419 2.923 0 -4.152 -150.295 81.417 0 952 31
957 2LDT 292 5.464 0.3734 0.621 SCORE: -171.744 -66.772 4.533 1.096 4.345 2.075 -39.976 3.818 4.005 -0.289 0 -163.915 79.335 0 957 32
962 2LDT 50 5.742 0.3157 0.5242 SCORE: -178.074 -75.226 8.119 0.743 5.422 1.724 -42.582 4.223 5.54 0 -11.816 -155.508 81.286 0 962 33
965 2LDT 46 5.79 0.2152 0.4839 SCORE: -172.912 -73.1 10.811 0.832 4.665 1.981 -39.551 3.999 3.809 0 -7.287 -163.9 84.828 0 965 34
971 2LDT 173 6.106 0.3895 0.5645 SCORE: -181.315 -79.693 6.257 0.972 5.233 1.352 -44.825 2.959 3.366 0 0 -155.739 78.802 0 971 35
975 2LDT 413 6.178 0.3118 0.5484 SCORE: -175.781 -79.085 5.502 0.679 4.283 1.119 -45.869 1.427 3.799 -0.442 -8.555 -142.565 83.926 0 975 36
981 2LDT 133 6.427 0.2784 0.5161 SCORE: -186.911 -72.828 5.155 0.757 4.58 1.775 -42.931 3.135 3.147 0 -16.56 -151.842 78.702 0 981 37
988 2LDT 44 6.569 0.3326 0.5484 SCORE: -169.567 -69.896 7.31 1.485 3.635 -0.048 -41.814 1.998 3.682 0 0 -158.995 83.075 0 988 38
991 2LDT 51 6.708 0.3627 0.5645 SCORE: -176.094 -73.349 4.8 0.737 2.23 0.963 -43.234 2.604 3.424 0 0 -151.12 76.852 0 991 39
1003 2LDT 48 6.941 0.3597 0.5 SCORE: -174.584 -76.93 7.16 2.483 3.844 -0.054 -42.222 3.113 4.303 -0.624 0 -157.79 82.132 0 1003 40
