1 1KKA 1 0 1 1 SCORE: 7.262 -34.55 24.634 0.385 1.433 0.268 -13.407 4.037 10.021 -0.01 -0.135 -47.578 62.164 0 1 1
2 1KKA 2 0.702 0.5829 0.9706 SCORE: 8.35 -34.757 22.578 0.412 1.419 0.571 -14.312 4.481 9.968 0 -0.54 -47.082 65.611 0 2 5
5 1KKA 409 1.185 0.2802 0.8971 SCORE: -43.886 -38.677 8.28 0.835 1.01 0.363 -13.711 1.698 10.136 0 -3.486 -69.148 58.813 0 5 7
13 1KKA 1906 1.385 0.1979 0.8235 SCORE: 3.261 -30.911 3.516 1.004 2.377 1.351 -16.504 2.394 23.485 0 0 -32.457 49.007 0 13 8
39 1KKA 1450 1.52 0.2614 0.8382 SCORE: -12.46 -34.124 5.37 1.017 1.2 0.487 -15.124 2.799 15.195 0 0 -41.226 51.946 0 39 9
160 1KKA 708 1.732 0.2196 0.7794 SCORE: -49.576 -39.907 14.385 1.106 1.235 0.37 -13.849 1.557 9.836 0 -2.678 -82.635 61.006 0 160 10
332 1KKA 615 1.849 0.2146 0.7794 SCORE: -54.741 -39.995 11.108 1.29 1.189 0.453 -13.047 1.587 7.213 0 -3.483 -83.842 62.787 0 332 11
865 1KKA 271 2.034 0.1837 0.7794 SCORE: -99.548 -39.052 3.456 0.421 1.851 0.766 -21.881 1.936 2.671 -0.086 -3.193 -95.792 49.354 0 865 12
1235 1KKA 154 2.171 0.2076 0.75 SCORE: -97.084 -38.541 3.165 0.362 1.282 0.484 -23.82 1.149 1.709 -0.271 -4.887 -84.806 47.091 0 1235 13
1531 1KKA 234 2.309 0.2243 0.75 SCORE: -87.173 -33.573 2.397 0.405 2.794 0.571 -18.374 1.871 1.41 -0.018 -4.817 -80.734 40.895 0 1531 14
1731 1KKA 258 2.488 0.1441 0.6618 SCORE: -90.014 -34.4 3.533 0.482 1.981 0.628 -21.521 2.357 2.713 0 -4.921 -81.307 40.44 0 1731 15
1812 1KKA 42 2.722 0.2105 0.7059 SCORE: -98.176 -38.611 2.777 0.407 1.643 0.345 -22.418 1.246 2.285 0 0 -89.17 43.319 0 1812 16
1833 1KKA 68 2.954 0.2171 0.6912 SCORE: -98.544 -38.375 3.15 0.4 1.651 0.238 -20.776 2.913 2.769 0 0 -95.28 44.766 0 1833 17
1836 1KKA 297 2.998 0.196 0.6912 SCORE: -93.55 -44.038 5.015 0.4 1.408 0.686 -22.61 0.847 3.366 -0.006 -4.04 -84.514 49.938 0 1836 18
1845 1KKA 114 3.21 0.1862 0.6324 SCORE: -92.962 -38.126 4.148 0.403 1.522 0.594 -20.585 1.49 1.919 0 0 -89.465 45.138 0 1845 19
1848 1KKA 199 3.397 0.2165 0.6765 SCORE: -103.37 -44.531 4.438 0.359 1.941 0.342 -22.787 2.399 1.452 -0.333 -3.532 -89.246 46.129 0 1848 20
1863 1KKA 208 3.627 0.203 0.6471 SCORE: -109.734 -44.255 2.565 0.367 1.486 -0.095 -24.599 0.656 2.155 0 0 -98.688 50.673 0 1863 21
1871 1KKA 206 3.798 0.1978 0.6471 SCORE: -108.102 -43.028 3.316 0.352 1.275 0.148 -23.116 0.467 1.548 -0.135 0 -97.836 48.907 0 1871 22
1886 1KKA 328 3.965 0.2418 0.6912 SCORE: -111.258 -43.419 2.519 0.367 1.154 0.182 -23.396 0.833 1.794 0 0 -99.578 48.287 0 1886 23
1890 1KKA 168 4.031 0.1927 0.6618 SCORE: -111.06 -42.048 2.247 0.368 1.329 0.287 -22.907 0.687 1.68 0 0 -102.541 49.838 0 1890 24
1917 1KKA 327 4.198 0.1997 0.6471 SCORE: -110.927 -41.964 2.422 0.365 1.035 0.452 -23.161 0.735 2.319 0 0 -102.259 49.13 0 1917 25
1963 1KKA 325 4.491 0.2189 0.6324 SCORE: -110.131 -42.793 1.994 0.382 1.153 0.518 -24.055 1.095 2.367 0 0 -99.523 48.732 0 1963 26
1976 1KKA 287 4.593 0.2176 0.6029 SCORE: -109.559 -44.956 3.121 0.384 2.011 0.441 -24.47 0.772 1.094 -0.5 -3.107 -92.292 47.943 0 1976 27
2005 1KKA 205 4.745 0.2045 0.6176 SCORE: -107.658 -44.877 4.981 0.366 1.949 0.295 -23.005 0.676 1.447 0 -2.909 -95.86 49.28 0 2005 28
2020 1KKA 288 4.887 0.2584 0.6324 SCORE: -109.058 -44.513 3.294 0.37 2.491 0.213 -23.161 0.607 1.703 0 -2.455 -93.075 45.468 0 2020 29
2048 1KKA 283 5.195 0.2085 0.5735 SCORE: -106.634 -44.575 2.637 0.366 3.146 0.383 -24.647 0.69 1.977 0 -3.184 -90.256 46.829 0 2048 30
2065 1KKA 88 5.365 0.208 0.6029 SCORE: -111.712 -42.69 2.841 0.37 1.579 0.748 -22.953 0.938 0.928 0 0 -102.54 49.066 0 2065 31
2072 1KKA 158 5.451 0.2225 0.6029 SCORE: -99.882 -38.684 2.713 0.384 2.576 0.814 -24.968 1.543 1.127 0 -4.186 -80.23 39.029 0 2072 32
2087 1KKA 322 5.664 0.1835 0.5882 SCORE: -105.256 -45.174 4.966 0.393 1.725 0.168 -23.8 0.812 1.496 -0.208 0 -90.768 45.135 0 2087 33
2097 1KKA 308 5.842 0.1872 0.5882 SCORE: -102.602 -41.23 2.873 0.381 1.379 0.538 -23.365 1.667 1.784 0 0 -91.702 45.074 0 2097 34
