1 2M24 1 0 1 1 SCORE: 68.288 -77.567 83.578 1.231 3.596 1.398 -1.434 2.651 1.315 -0.063 0 -80.272 133.856 0 1 1
2 2M24 7 0.877 0.7145 0.9397 SCORE: 76.12 -75.971 81.867 1.244 3.034 0.463 12.105 2.726 1.054 -0.017 0 -82.961 132.575 0 2 6
3 2M24 12 1.37 0.6586 0.8966 SCORE: 103.314 -74.737 86.276 1.923 2.829 1.196 29.371 3.216 1.299 0 0 -81.689 133.629 0 3 8
21 2M24 644 1.683 0.5408 0.8707 SCORE: -54.51 -65.322 16.112 2.386 2.953 0.734 -24.631 2.224 13.762 0 0 -105.818 103.092 0 21 10
69 2M24 95 1.825 0.5204 0.8276 SCORE: -171.174 -69.361 4.925 0.748 2 0.468 -41.867 2.071 4.754 -0.158 0 -154.014 79.26 0 69 11
476 2M24 216 2.059 0.4696 0.7931 SCORE: -165.189 -70.633 4.323 0.633 2.15 0.24 -42.597 1.594 2.727 0 0 -141.223 77.598 0 476 12
738 2M24 865 2.252 0.4482 0.7672 SCORE: -57.428 -66.136 14.151 2.019 2.772 0.726 -27.019 2.813 14.38 0 0 -106.793 105.658 0 738 13
836 2M24 911 2.345 0.3838 0.7155 SCORE: -53.731 -65.262 9.4 2.583 3.507 0.31 -28.67 2.562 18.335 0 0 -90.547 94.05 0 836 14
928 2M24 931 2.458 0.3975 0.75 SCORE: -48.685 -67.687 11.629 2.377 3.015 0.338 -28.533 3.196 19.085 0 0 -97.572 105.467 0 928 15
960 2M24 420 2.766 0.4259 0.7586 SCORE: -161.425 -67.116 4.893 0.641 2.498 0.49 -40.78 2.088 2.307 0 -1.656 -137.843 73.052 0 960 16
964 2M24 125 2.959 0.3782 0.7155 SCORE: -148.355 -68.493 8.596 1.306 3.322 0.661 -41.132 2.622 7.713 0 0 -141.159 78.209 0 964 17
966 2M24 399 3.123 0.4263 0.7328 SCORE: -135.551 -66.87 8.623 0.653 4.085 1.487 -39.546 2.253 4.288 -0.292 0 -123.593 73.362 0 966 18
968 2M24 9 3.156 0.606 0.819 SCORE: 53.717 -77.326 77.609 1.208 2.864 0.415 -0.022 2.75 1.062 -0.055 0 -83.424 128.637 0 968 19
970 2M24 414 3.435 0.3783 0.6983 SCORE: -158.393 -64.706 4.958 0.705 2.521 0.813 -34.78 2.179 3.163 0 0 -143.633 70.387 0 970 20
972 2M24 98 3.645 0.3751 0.6983 SCORE: -176.083 -68.914 5.833 0.767 1.489 1.278 -37.573 2.915 2.802 -0.176 -3.807 -159.191 78.496 0 972 21
974 2M24 138 3.768 0.3986 0.6724 SCORE: -163.929 -62.634 5.105 0.752 3.649 1.415 -40.608 3.416 4.353 0 -9.513 -148.261 78.396 0 974 22
980 2M24 215 4.193 0.3991 0.7069 SCORE: -164.273 -68.242 4.156 0.622 2.007 0.602 -38.379 2.823 3.649 0 0 -145.803 74.292 0 980 24
984 2M24 339 4.358 0.3229 0.6466 SCORE: -174.81 -73.137 5.483 4.046 1.416 0.96 -37.933 2.619 5.581 0 -1.937 -157.197 75.29 0 984 25
990 2M24 99 4.473 0.376 0.6724 SCORE: -178.358 -72.428 5.157 1.03 2.01 1.059 -40.619 3.175 5.256 -0.316 0 -158.056 75.373 0 990 26
998 2M24 213 4.69 0.3961 0.681 SCORE: -162.709 -75.205 6.977 0.642 3.868 -0.273 -40.82 1.106 3.285 0 0 -141.271 78.982 0 998 27
1002 2M24 379 4.864 0.4574 0.7241 SCORE: -159.823 -72.55 8.001 0.619 2.765 0.219 -41.843 0.945 3.259 -0.135 0 -142.525 81.421 0 1002 28
1003 2M24 54 4.935 0.3758 0.6466 SCORE: -150.052 -68.093 6.124 0.629 4.936 1.656 -38.18 2.825 2.767 -0.134 -4.927 -136.508 78.852 0 1003 29
1008 2M24 96 5.138 0.3938 0.6638 SCORE: -173.769 -72.508 4.952 0.933 1.017 0.552 -37.786 2.442 4.996 -0.43 0 -151.608 73.67 0 1008 30
1017 2M24 100 5.386 0.4361 0.7155 SCORE: -182.031 -72.278 4.577 0.743 2.181 0.209 -41.112 1.932 3.286 0 0 -155.697 74.128 0 1017 31
1026 2M24 340 5.544 0.3862 0.6552 SCORE: -176.87 -71.839 5.977 0.692 1.462 1.061 -39.871 3.078 4.557 0 0 -161.022 79.036 0 1026 32
1032 2M24 140 5.686 0.4269 0.681 SCORE: -172.561 -71.201 4.826 0.726 2.354 0.746 -36.189 2.058 4.032 -0.345 0 -158.059 78.49 0 1032 33
1043 2M24 332 5.923 0.386 0.6638 SCORE: -159.762 -65.671 5.353 0.778 1.924 0.779 -34.222 3.186 3.062 -0.428 0 -147.407 72.885 0 1043 34
1046 2M24 220 5.95 0.4302 0.6638 SCORE: -179.935 -75.443 4.872 0.635 2.94 0.819 -42.472 1.205 2.751 -0.207 0 -153.528 78.493 0 1046 35
1056 2M24 299 6.162 0.337 0.6207 SCORE: -157.789 -71.072 5.165 0.633 2.601 0.486 -40.206 1.531 2.537 -0.283 0 -130.113 70.931 0 1056 36
1067 2M24 97 6.352 0.1772 0.4828 SCORE: -176.502 -62.13 6.695 1.04 3.246 1.166 -37.194 4.163 4.673 -0.311 -3.632 -176.233 82.015 0 1067 37
