1 2LUN 1 0 1 1 SCORE: 7.569 -48.554 15.039 0.75 2.579 1.576 -23.03 2.685 3.547 -0.274 0 -46.877 100.128 0 1 1
2 2LUN 409 1.78 0.4094 0.7679 SCORE: -64.753 -64.716 17.046 1.106 3.237 1.69 -25.629 2.181 10.697 0 0 -109.805 99.439 0 2 11
8 2LUN 856 2.03 0.4205 0.7857 SCORE: -53.778 -69.224 21.281 1.787 3.699 1.575 -26.157 2.843 20.08 -0.231 -2.828 -115.355 108.752 0 8 12
109 2LUN 590 2.194 0.4087 0.7679 SCORE: -77.341 -69.791 17.045 2.056 3.142 1.393 -28.695 2.209 12.411 -0.418 0 -119.949 103.257 0 109 13
347 2LUN 505 2.367 0.3876 0.7411 SCORE: -85.214 -69.852 17.192 1.616 3.336 1.331 -30.616 1.942 9.505 -0.462 0 -122.648 103.442 0 347 14
547 2LUN 427 2.488 0.3723 0.7232 SCORE: -86.018 -70.668 15.941 1.584 3.404 1.448 -30.402 1.89 8.062 -0.507 0 -121.936 105.165 0 547 15
680 2LUN 929 2.627 0.3553 0.7411 SCORE: -62.367 -70.304 14.25 1.644 3.294 0.694 -29.722 2.013 20.352 -0.303 -4.947 -110.322 110.985 0 680 16
787 2LUN 167 2.755 0.3383 0.6875 SCORE: -151.99 -62.091 4.365 0.873 3.716 0.161 -36.23 3.521 4.622 -0.363 -8.329 -134.187 71.951 0 787 17
927 2LUN 1108 2.957 0.3327 0.7143 SCORE: -54.657 -67.557 15.601 1.899 4.413 1.385 -28.079 2.542 22.856 -0.397 -8.625 -98.048 99.352 0 927 18
998 2LUN 113 3.145 0.2769 0.6429 SCORE: -136.905 -65.638 7.891 1.588 1.924 0.739 -35.218 3.359 6.773 0 0 -127.926 69.602 0 998 19
1017 2LUN 309 3.287 0.2614 0.625 SCORE: -118.958 -60.376 8.13 0.925 3.83 0.505 -32.19 2.807 5.161 -0.866 0 -126.48 79.599 0 1017 20
1025 2LUN 247 3.515 0.2522 0.6339 SCORE: -152.92 -61.594 5.327 0.925 3.25 1.094 -38.768 1.867 5.504 0 0 -144.878 74.352 0 1025 21
1027 2LUN 327 3.858 0.2197 0.5982 SCORE: -147.237 -61.64 5.278 0.641 1.706 1.721 -38.123 3.147 3.488 0 0 -127.171 63.716 0 1027 23
1029 2LUN 146 4.142 0.2346 0.5982 SCORE: -117.136 -65.955 13.04 1.65 2.531 0.687 -37.169 2.95 13.195 -0.445 0 -128.361 80.741 0 1029 25
1031 2LUN 284 4.333 0.2225 0.5893 SCORE: -146.095 -68.405 5.64 0.812 2.397 1.767 -38.426 2.014 3.769 -0.324 0 -128.002 72.663 0 1031 26
1036 2LUN 73 4.584 0.2323 0.5714 SCORE: -135.283 -64.513 7.051 1.7 2.416 0.295 -37.378 2.1 6.468 -0.39 -2.076 -133.168 82.213 0 1036 27
1037 2LUN 155 4.783 0.1877 0.5179 SCORE: -130.944 -57.447 6.418 1.198 5.191 2.382 -33.734 4.023 5.211 -0.312 -6.749 -132.755 75.63 0 1037 28
1044 2LUN 122 4.939 0.2684 0.5893 SCORE: -142.226 -65.883 6.022 1.379 3.435 -0.015 -39.448 2.275 5.345 0 -2.721 -129.925 77.31 0 1044 29
1045 2LUN 48 5.054 0.1931 0.5357 SCORE: -149.662 -62.328 4.706 0.66 3.239 1.952 -39.3 3.317 4.633 0 -9.368 -126.628 69.455 0 1045 30
1047 2LUN 206 5.134 0.2057 0.5268 SCORE: -147.49 -65.266 8.882 0.744 2.415 0.504 -38.182 1.734 2.974 -0.029 0 -133.581 72.315 0 1047 31
1052 2LUN 208 5.389 0.2187 0.5268 SCORE: -169.302 -71.119 6.273 0.898 1.88 0.465 -41.385 2.246 4.199 -0.314 0 -142.949 70.504 0 1052 32
1060 2LUN 168 5.606 0.2133 0.5357 SCORE: -155.349 -67.615 5.531 1.698 2.589 0.06 -39.163 1.382 3.05 -0.117 0 -134.918 72.154 0 1060 33
1062 2LUN 281 5.661 0.2235 0.5268 SCORE: -141.56 -66.34 5.036 0.628 2.658 -0.402 -36.258 1.532 3.309 -0.067 0 -124.478 72.821 0 1062 34
1071 2LUN 128 5.966 0.2334 0.5 SCORE: -157.446 -70.123 5.486 0.943 3.091 0.845 -38.664 3.33 2.853 -0.24 0 -139.627 74.659 0 1071 35
1073 2LUN 47 5.989 0.2144 0.5 SCORE: -148.095 -64.147 4.497 0.75 4.176 0.797 -41.111 2.197 4.22 -0.413 0 -125.588 66.527 0 1073 36
1079 2LUN 243 6.201 0.2064 0.5179 SCORE: -148.087 -59.788 5.383 0.984 3.281 1.344 -35.544 3.171 4.822 0 -5.072 -134.226 67.558 0 1079 37
1084 2LUN 207 6.37 0.1917 0.4911 SCORE: -151.916 -69.756 7.459 0.614 2.782 0.087 -40.111 2.537 4.92 -1.022 0 -141.056 81.63 0 1084 38
1096 2LUN 244 6.656 0.2019 0.4821 SCORE: -149.278 -65.337 5.782 0.622 3.163 0.292 -38.502 1.584 2.081 -0.691 0 -129.591 71.318 0 1096 39
1099 2LUN 314 6.733 0.176 0.4821 SCORE: -123.293 -56.238 5.695 0.826 5.546 1.618 -36.553 3.255 7.617 0 -3.335 -123.145 71.422 0 1099 40
