1 2N2O 1 0 1 1 SCORE: -9.203 -36.18 28.022 0.615 2.973 1.551 -23.856 5.93 1.964 -1.123 -5.99 -61.757 78.649 0 1 1
2 2N2O 411 1.23 0.3579 0.8587 SCORE: -27.401 -40.797 12.351 1.056 3.467 0.858 -18.727 2.44 9.707 0 -3.499 -58.398 64.143 0 2 8
28 2N2O 429 1.557 0.2882 0.837 SCORE: -29.915 -44.921 15.572 1.24 3.634 1.434 -17.76 2.767 8.142 0 -6.889 -60.855 67.72 0 28 9
108 2N2O 490 1.674 0.2868 0.7935 SCORE: -30.499 -44.833 14.07 1.446 3.847 1.143 -18.439 2.472 9.082 0 -6.194 -62.436 69.343 0 108 10
256 2N2O 613 1.876 0.2419 0.75 SCORE: -33.515 -47.162 8.28 1.527 4.246 0.769 -21.253 1.857 11.259 0 -8.532 -56.581 72.074 0 256 11
400 2N2O 719 1.981 0.2775 0.7935 SCORE: -35.191 -47.924 11.504 1.751 4.298 0.849 -22.055 2.078 13.413 0 -10.521 -64.272 75.687 0 400 12
589 2N2O 1038 2.139 0.2827 0.7826 SCORE: -25.387 -45.069 7.951 1.482 5.17 1.73 -26.396 2.313 17.684 0 -4.964 -52.061 66.773 0 589 13
741 2N2O 1051 2.317 0.2457 0.75 SCORE: -14.89 -45.52 20.042 1.613 5.311 2.072 -25.473 1.722 20.012 0 -1.83 -58.756 65.917 0 741 14
921 2N2O 1114 2.476 0.3059 0.7826 SCORE: -15.592 -46.052 10.028 1.569 6.299 1.738 -23.839 2.396 17.791 0 -4.34 -52.672 71.491 0 921 15
1170 2N2O 1372 2.704 0.2651 0.75 SCORE: 0.597 -39.843 8.639 1.542 7.567 2.656 -24.358 3.148 18.854 0 -3.708 -35.875 61.975 0 1170 16
1249 2N2O 1417 2.824 0.2296 0.6957 SCORE: 7.069 -40.839 12.58 1.477 6.734 2.461 -25.645 4.944 26.791 0 -2.528 -42.394 63.489 0 1249 17
1284 2N2O 1317 2.985 0.2231 0.6739 SCORE: 11.798 -38.499 11.664 1.394 7.374 2.952 -25.385 7.218 23.706 0 -0.57 -42.546 64.489 0 1284 18
1295 2N2O 1660 3.155 0.1957 0.6413 SCORE: 27.395 -32.672 7.523 1.492 5.713 0.626 -24.061 2.97 38.709 0 -3.718 -12.733 43.546 0 1295 19
1301 2N2O 1705 3.416 0.2136 0.663 SCORE: 32.47 -36.474 7.362 1.781 7.062 0.766 -22.581 9.139 35.165 0 -9.257 -17.825 57.332 0 1301 20
1302 2N2O 4 3.817 0.5879 0.8587 SCORE: 10.924 -32.366 25.817 0.695 2.985 1.625 -16.376 4.913 1.897 -2.7 0 -58.099 82.533 0 1302 22
1303 2N2O 9 4.348 0.3985 0.7717 SCORE: 16.69 -36.674 37.07 0.811 3.291 1.045 -13.206 7.062 2.611 -3.117 -6.913 -59.088 83.798 0 1303 25
1305 2N2O 3 4.71 0.4582 0.75 SCORE: -12.903 -36.828 17.204 0.728 2.754 1.452 -16.928 4.736 2.51 -1.616 0 -59.241 72.325 0 1305 27
1307 2N2O 268 4.866 0.209 0.6087 SCORE: -96.608 -52.41 8.906 0.534 2.524 0.027 -31.67 2.004 4.684 -0.001 0 -89.087 57.881 0 1307 28
1309 2N2O 77 4.943 0.1942 0.6087 SCORE: -115.865 -44.819 4.833 0.595 3.561 0.704 -32.182 6.077 3.111 0 0 -113.315 55.569 0 1309 29
1310 2N2O 357 5.259 0.1966 0.5652 SCORE: -104.849 -48.242 4.265 0.519 3.529 0.99 -35.812 5.237 1.819 0 -4.559 -81.754 49.159 0 1310 31
1311 2N2O 282 5.438 0.1455 0.5543 SCORE: -108.649 -44.686 3.029 0.552 3.311 1.273 -31.754 2.703 1.126 0 0 -90.111 45.906 0 1311 32
1313 2N2O 148 5.973 0.1988 0.5543 SCORE: -106.959 -46.976 6.139 0.59 3.599 1.294 -30.024 3.706 2.653 -0.373 0 -105.737 58.17 0 1313 35
1315 2N2O 267 6.266 0.1661 0.5761 SCORE: -93.905 -47.708 3.678 0.579 2.509 1.3 -30.588 9.555 6.174 0 0 -85.48 46.075 0 1315 36
1317 2N2O 273 6.416 0.1905 0.5543 SCORE: -100.12 -52.093 7.34 0.52 2.638 0.264 -32.641 2.913 2.332 -0.55 0 -85.269 54.427 0 1317 37
1320 2N2O 30 6.602 0.1485 0.6196 SCORE: -107.356 -54.634 4.334 0.804 2.512 -0.054 -30.704 2.875 2.14 0 -3.483 -79.123 47.978 0 1320 38
1323 2N2O 154 6.793 0.219 0.587 SCORE: -114.282 -46.71 3.982 0.819 2.277 0.663 -29.641 2.837 3.788 -0.205 -5.083 -103.09 56.081 0 1323 39
1327 2N2O 316 6.883 0.1721 0.5435 SCORE: -111.889 -53.354 4.643 0.777 3.519 0.201 -32.292 1.879 3.284 -0.402 -3.941 -89.863 53.661 0 1327 40
