1 1Z2J 1 0 1 1 SCORE: -133.262 -118.868 41.914 0.967 3.922 -1.471 -54.519 1.457 11.941 -1.228 0 -214.873 197.496 0 1 1
2 1Z2J 16 0.506 0.9497 0.9944 SCORE: -133.159 -117.426 40.065 0.966 3.941 -1.452 -55.474 1.572 11.553 -0.368 0 -211.576 195.038 0 2 3
3 1Z2J 14 0.843 0.8765 0.95 SCORE: -137.544 -115.27 37.683 1.027 4.022 -1.427 -52.604 1.517 12.437 -0.028 0 -213.254 188.354 0 3 5
5 1Z2J 10 0.982 0.8247 0.9167 SCORE: -132.442 -116.631 37.794 0.969 4.002 -1.453 -55.324 1.329 11.831 -0.373 0 -211.413 196.829 0 5 6
11 1Z2J 473 1.142 0.7967 0.8889 SCORE: -155.815 -122.097 29.753 3.388 3.566 0.491 -41.971 2.185 17.115 0 0 -227.233 178.987 0 11 7
76 1Z2J 425 1.287 0.762 0.8667 SCORE: -161.666 -122.082 28.292 3.422 3.628 0.666 -41.844 2.055 17.278 0 0 -230.771 177.69 0 76 8
104 1Z2J 513 1.39 0.7427 0.8389 SCORE: -166.97 -122.824 28.033 3.748 4.162 0.696 -43.93 2.422 19.132 0 0 -231.67 173.26 0 104 9
176 1Z2J 586 1.573 0.6958 0.8167 SCORE: -158.852 -122.6 26.707 4.095 4.764 1.214 -42.321 2.444 18.789 -0.32 0 -224.308 172.685 0 176 10
270 1Z2J 557 1.775 0.6583 0.7944 SCORE: -155.907 -122.332 26.65 4.27 4.207 1.003 -41.595 2.291 19.932 0 0 -222.748 172.413 0 270 11
287 1Z2J 549 1.877 0.6028 0.7667 SCORE: -145.935 -122.476 28.493 4.042 4.385 1.076 -43.566 2.556 20.763 0 0 -216.318 175.11 0 287 12
299 1Z2J 740 2.215 0.5413 0.7444 SCORE: -146.959 -121.385 24.749 4.759 5.797 0.42 -48.062 3.14 28.908 -0.187 -2.562 -210.783 168.248 0 299 13
326 1Z2J 721 2.365 0.5044 0.7278 SCORE: -162.181 -122.017 23.919 4.667 5.646 0.612 -47.662 3.278 24.308 -0.06 -2.928 -216.454 164.51 0 326 14
337 1Z2J 758 2.397 0.5134 0.7444 SCORE: -162.018 -121.569 22.681 4.341 6.297 -0.537 -47.787 3.274 28.335 -0.396 -2.821 -222.497 168.659 0 337 15
470 1Z2J 783 2.594 0.4782 0.7278 SCORE: -149.59 -122.92 23.661 4.044 5.525 0.336 -48.642 2.957 24.927 -0.531 -1.926 -208.419 171.397 0 470 16
573 1Z2J 765 2.752 0.4666 0.6889 SCORE: -136.957 -120.486 23.908 4.262 5.314 0.531 -46.004 3.35 31.047 -0.429 -1.262 -209.285 172.098 0 573 17
638 1Z2J 81 2.958 0.5105 0.6722 SCORE: -218.698 -109.125 20.796 1.327 5.309 0.73 -59.674 10.076 15.819 -0.243 0 -240.945 137.23 0 638 18
649 1Z2J 99 3.992 0.4774 0.6444 SCORE: -275.58 -107.644 7.664 0.982 4.425 0.299 -62.479 4.344 4.303 -0.414 -4.563 -246.305 123.806 0 649 24
650 1Z2J 260 4.667 0.3096 0.55 SCORE: -258.281 -112.073 9.04 1.195 4.91 1.475 -63.688 3.954 4.709 0 -4.066 -216.303 112.567 0 650 28
651 1Z2J 51 4.998 0.4346 0.5889 SCORE: -256.343 -110.235 16.418 2.288 6.658 0.295 -61.777 3.648 5.918 -0.324 -4.716 -248.822 134.305 0 651 30
653 1Z2J 380 5.427 0.3545 0.5389 SCORE: -262.571 -102.845 7.341 1.352 5.261 1.108 -61.205 3.959 7.182 0 0 -242.853 118.129 0 653 32
654 1Z2J 298 5.689 0.3163 0.5 SCORE: -256.436 -109.221 8.728 1.031 3.412 3.576 -60.652 5.315 4.969 -0.228 -8.465 -223.423 118.523 0 654 34
655 1Z2J 56 5.863 0.3877 0.5278 SCORE: -282.481 -107.202 8.82 1.141 5.245 1.418 -59.013 5.549 6.792 -0.353 0 -264.06 119.182 0 655 35
660 1Z2J 58 6.02 0.3868 0.5556 SCORE: -289.195 -114.923 7.974 1.196 3.571 1.057 -64.154 4.517 4.815 0 0 -261.112 127.864 0 660 36
663 1Z2J 50 6.367 0.3342 0.4833 SCORE: -261.8 -122.21 16.113 1.274 5.024 0.292 -61.568 2.115 8.976 -1.94 0 -250.784 140.908 0 663 38
668 1Z2J 60 6.648 0.3175 0.4778 SCORE: -297.439 -117.749 7.783 1.075 4.051 2.52 -61.155 4.144 4.121 -0.862 0 -260.953 119.586 0 668 39
669 1Z2J 300 6.723 0.4133 0.5444 SCORE: -262.718 -114.353 8.499 1.053 3.343 1.667 -64.9 4.187 4.569 -0.092 0 -214.822 108.13 0 669 40
