1 2N4L 1 0 1 1 SCORE: -260.088 -139.884 7.032 0.921 1.875 2.83 -70.185 1.862 15.552 -1.675 -1.975 -259.952 183.513 0 1 1
2 2N4L 2 0.374 0.9758 1 SCORE: -262.591 -140.902 7.275 0.916 1.643 2.65 -69.89 1.684 15.871 -2.79 -1.597 -261.41 183.958 0 2 3
5 2N4L 3 0.984 0.8857 0.9434 SCORE: -266.172 -138.7 7.222 0.914 1.39 2.052 -68.224 1.815 15.473 -3.243 -1.325 -265.67 182.125 0 5 6
60 2N4L 9 1.142 0.9251 0.9623 SCORE: -260.47 -139.176 6.679 0.919 2.349 2.901 -69.346 1.802 15.934 -2.716 -8.518 -252.118 180.819 0 60 7
82 2N4L 509 1.231 0.8133 0.8821 SCORE: -158.5 -143.512 30.458 3.796 4.338 2.227 -53.944 2.974 18.357 -0.315 0 -232.481 209.602 0 82 8
110 2N4L 5 1.47 0.8593 0.9245 SCORE: -254.086 -140.344 6.959 0.914 2.818 1.723 -70.151 1.58 16.321 -1.819 -1.808 -250.737 180.458 0 110 9
115 2N4L 534 1.544 0.732 0.8113 SCORE: -166.92 -144.681 26.27 4.121 5.229 1.62 -58.111 3.001 19.651 -0.318 0 -231.265 207.564 0 115 10
161 2N4L 548 1.725 0.6956 0.7783 SCORE: -167.979 -142.466 27.988 4.09 5.532 1.704 -56.998 3.266 19.195 -0.405 0 -231.138 201.252 0 161 11
209 2N4L 6 1.985 0.7851 0.8868 SCORE: -265.111 -138.087 6.877 0.912 2.754 1.911 -68.697 1.648 16.034 -1.765 -8.665 -255.44 177.406 0 209 12
233 2N4L 8 2.073 0.7552 0.8774 SCORE: -264.583 -137.629 6.938 0.917 2.637 1.618 -68.063 1.665 16.722 -1.88 -8.825 -255.644 176.961 0 233 13
421 2N4L 677 2.367 0.5864 0.7028 SCORE: -147.345 -137.416 24.163 5.169 7.391 1.143 -59.219 4.113 22.042 0 0 -203.278 188.547 0 421 14
431 2N4L 648 2.382 0.6023 0.7123 SCORE: -149.923 -141.6 35.503 5.242 7.165 1.383 -59.865 3.351 21.883 0 0 -215.657 192.673 0 431 15
475 2N4L 698 2.6 0.546 0.6792 SCORE: -128.948 -137.076 26.945 4.747 7.771 1.439 -60.752 3.709 28.512 0 0 -194.369 190.126 0 475 16
501 2N4L 7 2.882 0.7492 0.8491 SCORE: -256.362 -139.586 6.877 0.922 3.129 2.179 -68.82 2.188 15.285 -2.962 -5.074 -252.217 181.719 0 501 17
502 2N4L 897 2.911 0.5088 0.6698 SCORE: -82.773 -130.936 37.109 4.447 8.372 3.659 -53.762 7.243 39.63 -0.795 -4.218 -173.977 180.456 0 502 18
503 2N4L 49 3.56 0.5356 0.6604 SCORE: -282.228 -126.06 10.51 1.714 5.847 1.216 -74.451 4.368 8.822 -0.354 0 -258.812 144.972 0 503 21
504 2N4L 48 3.985 0.3817 0.5849 SCORE: -277.639 -120.945 9.9 1.264 4.971 2.293 -73.611 6.173 7.503 0 0 -243.516 128.33 0 504 24
505 2N4L 90 4.901 0.4244 0.5802 SCORE: -300.729 -123.183 7.97 1.173 5.334 1.771 -76.294 3.469 5.72 -0.078 0 -259.696 133.084 0 505 29
506 2N4L 210 5.227 0.371 0.5283 SCORE: -294.566 -127.273 7.842 1.19 6.127 1.802 -76.401 3.49 5.925 0 0 -246.85 129.583 0 506 31
508 2N4L 86 5.424 0.4484 0.5896 SCORE: -285.883 -126.368 15.356 1.271 6.756 2.091 -71.007 5.907 8.41 0 -12.691 -263.681 148.073 0 508 32
510 2N4L 88 5.663 0.4775 0.5943 SCORE: -285.999 -126.419 8.823 1.168 5.232 2.345 -69.913 3.703 4.7 -0.713 -6.411 -245.681 137.168 0 510 34
513 2N4L 290 5.934 0.466 0.5896 SCORE: -299.681 -129.473 10.588 1.977 9.472 2.558 -74.861 5.383 8.742 0 -6.146 -274.758 146.837 0 513 35
514 2N4L 367 5.974 0.3905 0.5142 SCORE: -280.492 -133.857 9.043 1.224 5.502 0.956 -73.903 2.798 5.417 -0.361 0 -229.443 132.132 0 514 36
516 2N4L 330 6.223 0.4931 0.6038 SCORE: -290.944 -123.063 8.866 1.258 5.964 1.377 -73.107 4.43 6.954 -0.157 -2.959 -251.602 131.095 0 516 37
517 2N4L 386 6.372 0.3394 0.4717 SCORE: -177.131 -120.179 28.125 3.846 5.477 2.365 -69.703 5.901 18.53 -0.025 0 -204.021 152.554 0 517 38
518 2N4L 397 6.552 0.403 0.5142 SCORE: -230.866 -127.544 24.437 2.209 7.804 2.126 -72.397 7.51 13.828 -0.924 -7.186 -225.08 144.35 0 518 39
520 2N4L 168 6.756 0.3265 0.4575 SCORE: -293.744 -122.507 9.501 1.395 6.3 2.415 -77.56 7.214 6.476 0 -3.806 -255.544 132.373 0 520 40
