1 2L3E 1 0 1 1 SCORE: 227.229 -95.344 142.746 1.613 4.473 0.944 108.273 10.878 10.173 -0.006 0 -117.706 161.186 0 1 1
2 2L3E 6 0.94 0.7799 0.9643 SCORE: 189.31 -99.737 144.859 1.482 3.962 2.23 75.18 9.52 10.512 -0.673 0 -123.688 165.663 0 2 6
4 2L3E 11 1.212 0.6698 0.8786 SCORE: 189.433 -95.039 134.82 1.472 5.114 1.297 89.593 9.71 10.844 -0.016 0 -124.045 155.683 0 4 7
5 2L3E 5 1.29 0.6873 0.9071 SCORE: 177.214 -94.214 133.262 1.501 4.047 1.594 75.257 9.44 10.356 -1.169 0 -118.432 155.573 0 5 8
8 2L3E 7 1.397 0.6829 0.8714 SCORE: 124.367 -100.812 123.114 1.508 3.465 1.301 38.254 8.904 10.265 -1.181 0 -125.993 165.541 0 8 9
14 2L3E 9 1.694 0.6235 0.8571 SCORE: 159.609 -97.837 126.794 1.794 3.411 1.316 73.776 7.644 11.017 -1.08 0 -127.376 160.152 0 14 10
16 2L3E 12 1.869 0.5325 0.7929 SCORE: 177.8 -99.307 150.56 1.513 3.587 1.502 48.764 10.124 9.967 -0.599 0 -117.68 169.368 0 16 11
19 2L3E 421 2.031 0.5121 0.7643 SCORE: -65.028 -78.905 25.904 1.983 3.593 0.704 -31.747 4.118 17.965 0 0 -130.563 121.919 0 19 12
121 2L3E 477 2.239 0.4572 0.7357 SCORE: -102.717 -89.372 26.262 3.52 4.376 -0.209 -38.732 3.496 12.839 -0.429 0 -144.53 120.063 0 121 13
199 2L3E 570 2.373 0.422 0.7 SCORE: -102.374 -88.057 22.638 3.508 4.145 -0.414 -38.999 2.75 15.438 -0.641 0 -144.431 121.687 0 199 14
363 2L3E 669 2.496 0.4202 0.6929 SCORE: -99.622 -88.821 24.867 3.722 4.472 -0.366 -38.102 2.732 19.095 -0.274 0 -149.571 122.626 0 363 15
570 2L3E 778 2.636 0.4207 0.6929 SCORE: -102.018 -87.709 17.5 3.262 4.378 -0.345 -34.47 2.877 20.741 -0.352 0 -144.714 116.815 0 570 16
756 2L3E 938 2.818 0.3703 0.6643 SCORE: -89.153 -84.855 21.371 3.4 4.871 0.51 -36.293 2.814 18.146 -0.421 0 -135.336 116.641 0 756 17
820 2L3E 995 2.969 0.3511 0.6643 SCORE: -78.25 -86.8 19.403 2.479 4.91 0.489 -35.191 3.927 27.611 -0.238 0 -136.141 121.3 0 820 18
832 2L3E 35 4.79 0.3273 0.5643 SCORE: -131.88 -82.169 16.387 2.587 8.499 2.23 -47.02 29.828 13.689 -0.434 -0.598 -182.843 107.965 0 832 28
833 2L3E 379 5.53 0.3302 0.55 SCORE: -197.049 -83.206 7.246 3.433 2.993 0.822 -49.066 2.455 7.001 0 0 -179.759 91.033 0 833 32
834 2L3E 375 5.641 0.2995 0.5286 SCORE: -188.069 -74.996 6.642 0.916 3.781 1.33 -41.464 3.643 4.059 -0.577 -4.284 -179.047 91.928 0 834 33
835 2L3E 417 6.266 0.3203 0.5429 SCORE: -198.115 -76.518 6.199 1.848 4.225 1.294 -40.75 6.054 4.222 0 -8.716 -182.273 86.299 0 835 36
836 2L3E 59 6.363 0.2611 0.4571 SCORE: -197.162 -82.857 8.088 1.495 6.548 2.616 -45.47 5.017 4.946 0 -7.624 -187.309 97.387 0 836 37
838 2L3E 408 6.97 0.3102 0.4929 SCORE: -186.51 -75.04 8.044 0.972 5.988 2.623 -50.618 3.139 4.829 0 -4.281 -171.382 89.216 0 838 40
