1 2NC0 1 0 1 1 SCORE: -50.592 -87.484 61.777 0.716 3.482 0.345 -34.23 1.469 1.381 -0.058 0 -125.085 127.095 0 1 1
2 2NC0 3 0.509 0.8369 1 SCORE: -48.578 -87.187 63.426 0.694 3.345 0.517 -34.267 1.465 1.204 0 0 -123.907 126.132 0 2 3
4 2NC0 8 0.616 0.7827 0.9911 SCORE: -57.733 -86.848 55.056 0.782 3.322 0.072 -33.98 1.755 1.216 -0.387 0 -126.62 127.899 0 4 4
5 2NC0 6 0.752 0.7109 0.9911 SCORE: -56.204 -87.243 59.389 0.748 3.045 0.365 -34.328 1.653 1.238 -0.073 0 -128.476 127.477 0 5 5
8 2NC0 7 1.04 0.6291 0.9196 SCORE: -42.078 -88.087 68.025 0.716 3.393 0.525 -33.278 1.482 1.326 0 0 -125.86 129.68 0 8 6
9 2NC0 371 1.135 0.6221 0.9107 SCORE: -90.318 -76.937 14.297 2.507 3.777 1.292 -27.95 1.665 10.975 0 -1.871 -126.918 108.846 0 9 7
29 2NC0 425 1.362 0.5538 0.8929 SCORE: -78.025 -77.663 16.255 2.765 3.963 0.758 -26.869 1.468 10.285 0 -2.624 -114.676 108.314 0 29 8
78 2NC0 416 1.401 0.5433 0.8929 SCORE: -78.323 -77.303 16.006 2.792 3.887 0.75 -26.686 1.433 8.93 0 -2.74 -113.609 108.216 0 78 9
101 2NC0 456 1.668 0.4816 0.8482 SCORE: -72.498 -76.207 13.975 2.663 3.922 0.7 -28.208 1.603 11.138 0 -1.932 -105.172 105.019 0 101 10
145 2NC0 471 1.841 0.4585 0.8214 SCORE: -79.943 -76.038 13.131 2.845 3.866 0.63 -28.413 1.504 9.393 0 -1.989 -107.755 102.883 0 145 11
222 2NC0 482 1.979 0.4383 0.8036 SCORE: -80.193 -76.11 13.76 2.822 3.837 0.705 -28.998 1.632 10.314 0 -2.12 -109.915 103.881 0 222 12
341 2NC0 484 2.09 0.4365 0.7946 SCORE: -79.239 -75.776 12.848 2.887 4.065 0.747 -28.559 1.485 11.764 0 -1.856 -108.564 101.72 0 341 13
846 2NC0 558 2.428 0.3582 0.75 SCORE: -92.572 -75.819 14.368 3.168 4.268 0.722 -29.662 1.588 9.819 0 -3.316 -120.752 103.042 0 846 14
917 2NC0 549 2.489 0.3581 0.7411 SCORE: -88.31 -74.757 14.657 3.412 4.497 0.784 -29.799 1.96 11.581 0 -2.838 -118.988 101.18 0 917 15
1020 2NC0 569 2.64 0.3538 0.7321 SCORE: -85.306 -74.83 14.291 3.204 4.306 0.99 -27.989 1.854 12.952 0 -3.478 -119.4 102.797 0 1020 16
1038 2NC0 369 3.921 0.3441 0.6339 SCORE: -161.673 -69.208 6.525 0.717 3.247 0.581 -39.264 2.185 4.23 0 -3.963 -141.292 74.569 0 1038 23
1039 2NC0 368 4.284 0.3057 0.5982 SCORE: -159.79 -66.383 5.054 0.627 1.935 1.395 -39.343 2.699 3.103 0 0 -138.677 69.8 0 1039 25
1040 2NC0 277 4.503 0.2962 0.6161 SCORE: -128.053 -60.456 6.936 0.748 5.097 2.101 -38.852 5.069 4.913 0 -3.163 -113.688 63.242 0 1040 26
1041 2NC0 89 4.806 0.3411 0.6518 SCORE: -172.058 -79.462 7.462 0.613 3.556 0.19 -41.374 0.971 2.261 -0.234 -3.321 -144.527 81.807 0 1041 28
1042 2NC0 48 5.054 0.2777 0.5268 SCORE: -160.633 -66.858 8.942 0.878 3.283 1.407 -37.915 3.007 5.618 0 -0.963 -153.45 75.418 0 1042 30
1043 2NC0 356 5.523 0.315 0.5804 SCORE: -139.817 -62.427 6.109 0.872 3.724 0.164 -36.386 3.188 4.448 -0.256 -2.27 -129.541 72.558 0 1043 32
1044 2NC0 39 5.772 0.2696 0.5446 SCORE: -141.123 -66.609 9.402 0.829 4.798 1.412 -34.013 3.732 6.581 -0.175 -16.907 -126.715 76.542 0 1044 34
1047 2NC0 285 6.015 0.3001 0.5625 SCORE: -137.721 -61.574 7.223 0.625 3.971 0.93 -36.929 4.177 3.109 -0.246 -8.778 -119.962 69.733 0 1047 35
1050 2NC0 50 6.172 0.3066 0.5536 SCORE: -160.685 -67.996 5.52 0.733 1.773 0.758 -34.909 3.754 5.151 0 -5.655 -139.785 69.971 0 1050 36
1052 2NC0 37 6.36 0.2837 0.4911 SCORE: -134.784 -62.675 6.714 1.254 4.384 3.108 -32.89 6.997 7.223 0 -6.084 -136.028 73.212 0 1052 37
1053 2NC0 344 6.557 0.2759 0.4821 SCORE: -109.854 -66.551 16.674 0.657 6.364 2.043 -36.546 2.621 5.395 -0.728 0 -133.101 93.317 0 1053 38
1056 2NC0 46 6.69 0.2935 0.5625 SCORE: -153.38 -65.979 5.233 0.611 4.227 0.24 -38.169 1.786 2.701 0 0 -135.31 71.28 0 1056 39
1061 2NC0 169 6.915 0.309 0.5089 SCORE: -160.888 -68.373 5.751 0.657 2.973 1.752 -37.731 2.013 3.51 0 0 -144.441 73.001 0 1061 40
