1 2LDL 1 0 1 1 SCORE: 54.846 -75.576 56.031 0.611 2.765 3.283 -7.443 13.693 4.152 -1.405 0 -82.744 141.479 0 1 1
4 2LDL 6 0.267 0.9406 1 SCORE: 54.451 -76.306 55.478 0.653 2.618 3.002 -7.403 13.262 4.248 -0.325 0 -83.828 143.052 0 4 2
5 2LDL 10 0.349 0.9068 1 SCORE: 55.242 -76.685 56.54 0.659 1.88 2.152 -9.806 13.515 4.289 -0.766 0 -78.966 142.431 0 5 3
10 2LDL 9 0.574 0.7933 1 SCORE: 57.535 -77.38 55.479 0.789 2.255 3.164 -6.128 13.333 4.36 -2.192 0 -78.679 142.534 0 10 4
12 2LDL 12 0.733 0.7106 0.9722 SCORE: 53.613 -75.701 56.647 0.643 2.16 2.901 -9.218 11.647 4.039 -1.127 0 -81.713 143.335 0 12 5
14 2LDL 1198 1.342 0.4694 0.8519 SCORE: -25.552 -66.474 15.657 1.662 3.499 1.042 -27.213 4.295 22.712 -0.503 0 -76.509 96.279 0 14 8
28 2LDL 1131 1.471 0.4844 0.8426 SCORE: -56.845 -68.219 20.407 2.357 3.636 1.545 -29.46 2.874 18.473 -0.467 0 -95.743 87.753 0 28 9
130 2LDL 1132 1.721 0.3714 0.787 SCORE: -56.312 -66.55 10.211 2.227 3.012 1.208 -25.044 3.764 24.645 -0.438 0 -98.33 88.983 0 130 10
209 2LDL 648 1.91 0.4361 0.8056 SCORE: -61.628 -67.499 14.611 2.21 4.696 1.185 -25.776 7.171 14.408 -0.349 0 -104.243 91.957 0 209 11
352 2LDL 663 2.053 0.4216 0.7778 SCORE: -70.099 -66.475 11.444 2.111 4.735 1.534 -29.624 7.472 13.218 0 0 -107.339 92.825 0 352 12
667 2LDL 577 2.245 0.4416 0.8056 SCORE: -74.988 -66.079 12.318 2.13 3.536 1.394 -30.095 4.894 10.582 -0.322 0 -104.76 91.416 0 667 13
916 2LDL 158 2.36 0.3823 0.7778 SCORE: -145.71 -65.568 6.3 0.575 4.104 -0.222 -37.064 1.644 2.835 -0.339 -3.005 -130.952 75.983 0 916 14
984 2LDL 131 2.464 0.4184 0.7593 SCORE: -150.914 -67.111 4.383 4.94 3 0.083 -36.525 1.606 5.941 -0.524 0 -140.247 73.539 0 984 15
1004 2LDL 170 2.734 0.3681 0.7407 SCORE: -158.597 -68.251 4.438 0.651 2.281 0.816 -39.858 1.439 2.872 0 0 -130.974 67.99 0 1004 16
1016 2LDL 330 2.859 0.3917 0.7593 SCORE: -153.914 -66.861 5.567 0.592 1.868 0.21 -35.73 0.86 2.416 0 -3.659 -130.879 71.702 0 1016 17
1034 2LDL 372 2.992 0.383 0.7407 SCORE: -162.512 -66.962 3.973 0.63 2.202 0.147 -36.205 2.067 2.663 -0.299 0 -140.918 70.189 0 1034 18
1069 2LDL 172 3.237 0.3271 0.6944 SCORE: -159.457 -66.646 4.941 0.701 1.519 0.816 -36.68 2.08 3.153 0 0 -138.802 69.46 0 1069 19
1091 2LDL 332 3.431 0.2989 0.6574 SCORE: -155.926 -62.958 4.132 0.627 3.049 1.225 -39.928 2.339 2.398 0 0 -131.187 64.377 0 1091 20
1106 2LDL 370 3.62 0.3474 0.7222 SCORE: -158.18 -61.957 4.473 0.637 3.783 1.189 -37.149 1.815 2.819 0 -4.522 -140.278 71.009 0 1106 21
1107 2LDL 86 3.655 0.2938 0.6667 SCORE: -152.29 -66.357 5.166 0.618 1.409 0.356 -37.483 1.972 2.519 -0.17 0 -125.971 65.652 0 1107 22
1119 2LDL 171 3.828 0.2435 0.6111 SCORE: -159.568 -62.308 3.961 0.609 3.193 0.811 -37.197 1.618 1.855 0 -3.166 -134.921 65.977 0 1119 23
1133 2LDL 252 4.056 0.2865 0.6759 SCORE: -156.321 -63.723 3.976 0.801 1.291 1.416 -36.504 2.581 2.526 0 0 -135.948 67.262 0 1133 24
1144 2LDL 208 4.249 0.3481 0.7037 SCORE: -152.051 -65.125 5.965 0.831 3.326 1.16 -37.046 2.951 4.225 0 -2.857 -137.354 71.873 0 1144 25
1153 2LDL 327 4.397 0.3009 0.6667 SCORE: -150.408 -67.398 6.164 1.051 2.828 1.081 -35.669 2.407 3.286 -0.384 0 -135.634 71.859 0 1153 26
1156 2LDL 92 4.523 0.3711 0.6852 SCORE: -157.278 -65.173 3.967 0.616 1.8 0.47 -36.782 2.079 1.818 -0.567 -4.889 -131.131 70.513 0 1156 27
1169 2LDL 247 4.803 0.3465 0.6852 SCORE: -156.075 -65.409 5.93 0.75 3.618 1.714 -38.711 2.458 3.184 0 0 -139.905 70.295 0 1169 28
1170 2LDL 38 4.886 0.2917 0.6019 SCORE: -133.688 -58.64 5.684 0.712 3.806 0.971 -36.294 2.289 2.566 0 0 -120.525 65.741 0 1170 29
1173 2LDL 76 5.144 0.2893 0.5741 SCORE: -134.253 -57.535 4.631 1.866 5.426 1.046 -34.714 3.895 5.986 0 -4.991 -123.368 63.505 0 1173 30
1179 2LDL 89 5.238 0.2458 0.5648 SCORE: -154.318 -62.696 4.972 0.793 2.433 0.698 -36.483 2.47 2.688 -0.499 0 -138.476 69.782 0 1179 31
1183 2LDL 408 5.409 0.3106 0.6019 SCORE: -148.091 -68.405 7.199 0.633 2.255 0.67 -37.562 1.786 3.91 -0.213 0 -130.402 72.036 0 1183 32
