1 2LI4 1 0 1 1 SCORE: 2.429 -73.204 40.186 2.323 2.503 1.525 27.357 2.106 0.604 -1.319 0 -140.195 140.543 0 1 1
3 2LI4 12 1.37 0.5841 0.8594 SCORE: -14.553 -72.946 45.259 1.525 2.96 1.35 5.581 2.033 0.601 -0.03 -0.005 -141.847 140.968 0 3 8
4 2LI4 421 1.489 0.5636 0.8359 SCORE: -74.843 -79.863 16.622 2.512 3.743 0.737 -32.653 3.527 15.688 0 -3.546 -134.545 132.936 0 4 9
5 2LI4 11 1.624 0.5621 0.8359 SCORE: -17.164 -71.9 45.619 1.545 2.973 1.597 3.786 1.877 0.511 -0.544 -0.229 -141.375 138.976 0 5 10
7 2LI4 17 1.799 0.5483 0.8203 SCORE: 24.025 -76.744 59.076 1.862 2.755 1.686 27.14 1.982 0.542 -0.218 0 -137.238 143.183 0 7 11
9 2LI4 1251 2.25 0.4249 0.75 SCORE: -38.283 -77.104 17.237 2.441 3.339 0.867 -26.732 2.438 35.42 0 -3.343 -102.034 109.188 0 9 13
10 2LI4 1311 2.379 0.4662 0.7578 SCORE: -33.408 -75.181 15.8 1.802 3.786 0.557 -29.332 3.167 34.197 0 -3.513 -90.724 106.033 0 10 14
30 2LI4 422 2.557 0.4188 0.7422 SCORE: -95.607 -82.582 16.106 2.667 4.177 0.584 -30.902 3.083 14.56 0 -4.149 -150.946 131.796 0 30 15
85 2LI4 547 2.766 0.4237 0.7109 SCORE: -98.743 -82.788 14.751 3.087 4.359 0.091 -33.196 3.012 13.508 0 -3.571 -146.654 128.659 0 85 16
246 2LI4 549 2.964 0.4121 0.6875 SCORE: -99.592 -83.634 15.1 3.157 4.421 -0.035 -32.788 2.638 14.25 0 -3.25 -145.829 126.379 0 246 17
358 2LI4 580 3.089 0.3759 0.6719 SCORE: -111.562 -84.242 11.981 3.365 4.324 0.277 -34.157 3.131 14.544 0 -3.375 -150.943 123.533 0 358 18
435 2LI4 604 3.189 0.3704 0.6719 SCORE: -109.026 -83.567 12.336 3.364 4.617 0.106 -32.671 3.188 15.606 0 -2.16 -153.463 123.618 0 435 19
667 2LI4 625 3.34 0.3593 0.6563 SCORE: -109.316 -84.444 13.437 3.251 4.459 0.074 -32.342 1.753 14.496 0 -3.914 -149.106 123.018 0 667 20
921 2LI4 756 3.636 0.4024 0.7109 SCORE: -96.553 -83.168 14.929 3.435 4.603 0.467 -30.929 2.053 17.338 0 -4.698 -141.094 120.511 0 921 21
935 2LI4 788 3.744 0.3353 0.6484 SCORE: -93.189 -83.03 14.311 3.31 4.505 0.667 -31.414 1.559 17.905 0 -2.726 -135.522 117.246 0 935 22
940 2LI4 1033 3.958 0.335 0.6406 SCORE: -66.475 -79.928 12.242 3.049 3.983 0.453 -31.728 2.13 27.662 0 -3.832 -117.31 116.803 0 940 23
941 2LI4 8 4.192 0.4525 0.6797 SCORE: 37.159 -76.132 60.274 1.96 2.628 1.876 31.882 2.039 0.522 -0.576 -0.686 -135.388 148.76 0 941 25
942 2LI4 406 4.882 0.2923 0.5781 SCORE: -181.116 -80.258 8.777 1.022 1.892 1.222 -41.288 2.272 4.048 -0.366 0 -166.238 87.802 0 942 28
943 2LI4 132 5.082 0.2696 0.5313 SCORE: -191.779 -77.069 5.612 0.751 2.688 0.076 -44.381 4.077 4.877 0 0 -176.504 88.095 0 943 30
945 2LI4 176 5.408 0.2473 0.5391 SCORE: -206.805 -83.213 6.481 0.72 2.719 0.259 -41.597 2.217 3.66 0 0 -193.093 95.042 0 945 31
946 2LI4 37 5.418 0.2242 0.4844 SCORE: -155.876 -76.022 11.694 1.21 5.525 2.247 -44.192 8.985 10.922 -0.124 -6.458 -173.101 103.439 0 946 32
948 2LI4 96 6.013 0.2779 0.5156 SCORE: -201.366 -77.707 4.562 0.712 3.21 1.131 -44.902 5.126 3.445 0 0 -187.808 90.864 0 948 35
951 2LI4 59 6.151 0.2767 0.5156 SCORE: -218.654 -88.001 6.848 0.688 2.264 0.298 -46.969 1.107 3.092 -0.16 0 -193.644 95.824 0 951 36
955 2LI4 167 6.309 0.1996 0.4297 SCORE: -190.635 -70.231 6.144 1.261 3.545 1.237 -39.789 4.68 4.134 0 0 -183.315 81.699 0 955 37
964 2LI4 332 6.6 0.2529 0.4453 SCORE: -205.805 -87.194 8.007 0.698 3.323 0.169 -48.281 1.734 3.94 0 0 -185.906 97.706 0 964 38
965 2LI4 300 6.64 0.2979 0.5078 SCORE: -210.014 -85.188 5.327 0.722 2.14 1.48 -46.382 2.832 3.134 0 0 -178.02 83.941 0 965 39
972 2LI4 135 6.922 0.2442 0.4531 SCORE: -194.654 -81.459 8.981 1.034 2.561 2.096 -41.948 3.873 4.682 0 -4.877 -171.177 81.579 0 972 40
