1 1ZC5 1 0 1 1 SCORE: -147.648 -117.898 12.547 0.649 0.577 1.036 -43.238 2.118 11.891 -1.344 0 -178.552 164.566 0 1 1
2 1ZC5 6 0.666 0.9048 0.9817 SCORE: -141.547 -118.466 13.079 0.652 0.637 1.114 -44.09 1.411 11.422 -0.349 0 -171.44 164.483 0 2 4
3 1ZC5 11 0.7 0.8928 0.9817 SCORE: -144.377 -118.184 12.941 0.651 0.538 1.057 -43.908 1.975 11.4 -1.121 0 -174.259 164.531 0 3 5
4 1ZC5 2 1.013 0.7997 0.9329 SCORE: -142.595 -118.488 12.972 0.651 0.525 1.135 -44.144 1.962 11.363 -0.886 0 -172.326 164.642 0 4 6
5 1ZC5 421 1.165 0.7563 0.8902 SCORE: -103.551 -111.3 29.33 3.014 2.682 1.212 -27.62 2.729 14.104 -0.363 0 -191.281 173.942 0 5 7
6 1ZC5 19 1.414 0.7553 0.9085 SCORE: -134.853 -118.534 13.15 0.649 0.519 1.361 -43.689 2.434 11.633 -0.765 0 -166.414 164.803 0 6 9
19 1ZC5 4 1.625 0.7761 0.8902 SCORE: -148.861 -118.716 13.261 0.657 0.937 1.109 -44.082 1.664 12.299 -1.589 0 -175.052 160.65 0 19 10
106 1ZC5 9 1.861 0.7446 0.8841 SCORE: -139.741 -120.003 13.771 0.651 0.939 1.073 -43.658 2.139 11.112 -1.223 0 -170.913 166.371 0 106 11
123 1ZC5 535 1.982 0.6231 0.7988 SCORE: -121.161 -112.647 31.236 3.454 3.98 0.908 -35.44 2.257 16.113 -0.415 0 -194.804 164.197 0 123 12
139 1ZC5 545 2.124 0.5973 0.7744 SCORE: -123.929 -112.919 32.948 3.84 4.46 1.16 -37.061 2.573 16.148 -0.555 0 -197.988 163.464 0 139 13
204 1ZC5 3 2.409 0.6721 0.8232 SCORE: -140.769 -117.987 13.426 0.65 0.614 1.098 -44.563 1.994 12.169 -0.956 -0.061 -174.796 167.643 0 204 14
372 1ZC5 5 2.561 0.6713 0.8354 SCORE: -141.853 -119.324 13.638 0.66 0.798 1.385 -45.557 2.459 13.281 -0.411 -1.061 -170.424 162.704 0 372 15
458 1ZC5 13 2.743 0.6241 0.7866 SCORE: -148.867 -116.029 11.651 0.653 0.827 1.026 -44.048 2.322 12.117 -1.054 -1.695 -178.856 164.219 0 458 16
582 1ZC5 8 2.928 0.6223 0.7927 SCORE: -136.617 -119.303 13.855 0.649 0.461 1.24 -43.929 1.571 12.267 -0.816 -1.523 -167.978 166.889 0 582 17
670 1ZC5 880 3.104 0.4593 0.6585 SCORE: -111.022 -104.655 20.523 4.021 4.553 0.931 -41.537 2.667 25.724 -0.665 0 -165.306 142.721 0 670 18
684 1ZC5 948 3.153 0.4263 0.6341 SCORE: -106.206 -105.645 19.125 3.147 5.279 0.572 -41.065 3.256 32.88 -0.264 0 -169.623 146.131 0 684 19
703 1ZC5 1078 3.402 0.4446 0.6707 SCORE: -59.214 -104.093 28.397 3.162 4.258 1.274 -37.502 2.929 35.803 -0.829 -0.76 -142.563 150.708 0 703 20
704 1ZC5 57 4.57 0.461 0.6524 SCORE: -246.117 -105.136 10.257 0.947 3.909 2.692 -54.887 4.019 4.136 -1.301 0 -222.589 111.836 0 704 27
705 1ZC5 54 4.822 0.3681 0.5549 SCORE: -237.03 -95.812 12.472 1.015 4.353 1.227 -47.942 6.153 5.917 0 -4.834 -236.883 117.303 0 705 28
706 1ZC5 55 4.953 0.3032 0.5122 SCORE: -239.294 -103.425 13.47 1.456 5.428 2.052 -47.445 5.063 5.904 -0.354 -1.078 -237.61 117.244 0 706 29
707 1ZC5 60 5.162 0.4723 0.6463 SCORE: -253.689 -102.452 10.27 0.922 3.727 0.829 -54.166 2.693 4.033 0 0 -231.353 111.808 0 707 30
710 1ZC5 339 5.647 0.4482 0.622 SCORE: -230.843 -98.875 11.623 1.485 7.554 1.861 -56.716 4.257 6.957 0 -8.508 -218.589 118.107 0 710 33
711 1ZC5 99 5.912 0.4514 0.6159 SCORE: -227.616 -103.234 8.588 0.955 5.128 0.916 -57.442 4.215 3.624 -0.189 -11.87 -185.346 107.038 0 711 34
713 1ZC5 259 6.172 0.5048 0.6402 SCORE: -240.857 -105.602 10.222 1.349 4.389 0.1 -56.302 5.818 5.021 0 -8.86 -204.917 107.925 0 713 36
715 1ZC5 255 6.308 0.3465 0.5305 SCORE: -218.929 -92.796 7.355 1.082 4.767 1.634 -54.595 4.895 6.258 -0.23 0 -196.319 99.02 0 715 37
716 1ZC5 90 6.466 0.34 0.561 SCORE: -213.664 -108.764 11.802 0.915 3.933 1.09 -57.743 1.796 5.257 -0.431 0 -185.346 113.828 0 716 38
720 1ZC5 58 6.697 0.3317 0.5244 SCORE: -248.831 -104.132 10.669 0.9 3.649 0.783 -55.624 2.684 3.992 -0.498 0 -225.728 114.475 0 720 39
724 1ZC5 59 6.814 0.3662 0.561 SCORE: -253.898 -100.863 9.602 0.969 3.384 0.997 -55.067 4.662 4.708 -0.205 0 -235.547 113.462 0 724 40
