1 2JWV 1 0 1 1 SCORE: -51.254 -76.885 23.405 0.775 2.485 -0.242 -27.239 1.955 5.818 0 0 -95.742 114.417 0 1 1
3 2JWV 411 0.977 0.6707 0.9397 SCORE: -63.145 -73.09 24.004 1.869 3.209 0.214 -22.68 1.996 9.427 0 -2.069 -117.601 111.576 0 3 6
5 2JWV 3 1.16 0.5956 0.9052 SCORE: -69.805 -76.972 18.64 0.775 2.542 -0.195 -30.026 1.689 5.74 0 0 -99.773 107.776 0 5 7
7 2JWV 979 1.338 0.5263 0.8448 SCORE: -56.746 -73.22 23.372 2.499 4.687 0.458 -30.08 1.964 20.867 0 -5.722 -99.869 98.297 0 7 8
9 2JWV 983 1.454 0.4882 0.819 SCORE: -41.624 -71.415 22.274 2.548 4.921 0.632 -30.005 1.89 21.072 0 -3.356 -84.718 94.532 0 9 9
29 2JWV 412 1.706 0.5136 0.8276 SCORE: -64.193 -75.726 23.264 2.081 3.034 1.044 -24.291 1.935 9.739 0 -3.013 -112.253 109.992 0 29 10
55 2JWV 499 1.766 0.4747 0.819 SCORE: -68.148 -74.915 19.467 2.195 3.281 0.131 -26.408 1.992 9.889 0 -3.39 -107.246 106.855 0 55 11
406 2JWV 202 2.07 0.3848 0.7586 SCORE: -144.437 -69.977 5.224 0.634 3.106 1.112 -37.321 1.469 2.939 0 -4.162 -117.538 70.077 0 406 12
463 2JWV 120 2.108 0.3714 0.75 SCORE: -149.395 -66.742 4.155 0.64 2.864 0.746 -37.824 3.517 4.559 0 0 -131.498 70.188 0 463 13
641 2JWV 276 2.367 0.3513 0.7241 SCORE: -123.217 -69.988 15.286 0.794 3.376 1.262 -39.492 2.647 5.344 -0.02 0 -126.518 84.092 0 641 14
673 2JWV 935 2.467 0.3491 0.7328 SCORE: -65.37 -73.976 15.859 2.745 4.041 0.453 -30.61 2.11 17.441 0 -5.832 -93.022 95.422 0 673 15
810 2JWV 2 2.69 0.5744 0.819 SCORE: -61.069 -77.556 22.813 0.751 2.723 -0.445 -27.051 1.519 6.818 0 0 -101.001 110.36 0 810 16
1012 2JWV 1393 2.918 0.4437 0.7586 SCORE: -45.877 -73.074 16.993 1.814 5.593 0.712 -31.558 3.525 29.44 -0.76 -14.22 -76.273 91.932 0 1012 17
1043 2JWV 205 3.132 0.3284 0.681 SCORE: -150.255 -65.461 6.215 0.665 2.998 1.098 -40.677 3.655 4.253 0 -8.195 -124.991 70.186 0 1043 18
1044 2JWV 327 3.22 0.2969 0.6552 SCORE: -147.568 -67.362 7.371 0.676 3.316 0.714 -37.259 2.06 4.973 0 -4.581 -133.517 76.04 0 1044 19
1048 2JWV 128 3.66 0.3617 0.6552 SCORE: -163.385 -70.404 5.285 0.919 2.72 0.978 -40.206 2.666 4.065 -0.347 -3.822 -136.729 71.491 0 1048 21
1050 2JWV 125 3.825 0.3537 0.6466 SCORE: -161.597 -75.788 7.195 0.62 3.142 0.07 -42.293 0.897 3.602 0 -3.407 -131.442 75.806 0 1050 22
1052 2JWV 49 3.956 0.2698 0.5948 SCORE: -160.821 -73.864 5.336 0.687 3.178 1.006 -43.157 2.681 2.857 0 0 -127.236 67.691 0 1052 23
1054 2JWV 330 4.024 0.3373 0.6638 SCORE: -161.68 -68.519 4.833 0.718 2.468 1.13 -39.546 2.425 2.991 -0.328 -4.218 -136.526 72.893 0 1054 24
1059 2JWV 129 4.329 0.2926 0.5862 SCORE: -165.777 -71.277 5.303 0.751 2.846 1.711 -43.411 3.8 3.192 0 -3.202 -141.087 75.597 0 1059 25
1062 2JWV 124 4.369 0.3255 0.6121 SCORE: -156.039 -73.616 7.464 0.644 2.829 0.848 -41.444 2.26 3.12 -0.263 -4.477 -125.428 72.024 0 1062 26
1069 2JWV 90 4.567 0.356 0.6293 SCORE: -166.886 -67.98 4.164 0.662 2.119 0.57 -42.655 2.379 2.801 -0.118 0 -142.828 74 0 1069 27
1079 2JWV 210 4.799 0.347 0.5948 SCORE: -162.875 -74.645 6.854 0.641 3.156 0.726 -39.169 2.123 3.528 -0.148 -2.945 -141.211 78.214 0 1079 28
1087 2JWV 204 5.042 0.3474 0.6207 SCORE: -150.558 -68.987 5.19 0.663 2.88 0.691 -40.193 2.191 3.689 -0.011 0 -129.854 73.183 0 1087 29
1089 2JWV 229 5.096 0.2599 0.5603 SCORE: -112.391 -71.055 16.307 0.737 2.806 1.415 -38.713 3.126 5.55 -0.187 0 -117.574 85.197 0 1089 30
1098 2JWV 126 5.365 0.3358 0.5776 SCORE: -163.268 -70.842 5.105 0.638 2.282 0.838 -41.109 1.862 3.217 -0.201 0 -139.143 74.087 0 1098 31
1103 2JWV 406 5.502 0.3338 0.5948 SCORE: -144.959 -65.918 3.376 0.654 4.05 -0.004 -38.591 2.067 3.582 0 0 -118.407 64.233 0 1103 32
1108 2JWV 123 5.664 0.3405 0.5948 SCORE: -155.528 -68.99 4.24 0.625 2.928 0.199 -41.576 2.362 3.896 -0.775 -4.608 -125.409 71.579 0 1108 33
1115 2JWV 130 5.827 0.3403 0.5603 SCORE: -163.888 -73.366 4.565 0.627 3.173 0.798 -43.058 0.908 2.266 0 0 -130.11 70.308 0 1115 34
1126 2JWV 166 6.114 0.3077 0.5345 SCORE: -140.459 -63.026 4.071 0.686 2.147 1.711 -39.57 3.544 3.216 0 0 -115.604 62.366 0 1126 35
