1 4A4T 1 0 1 1 SCORE: 3.382 -43.875 14.454 1.12 2.59 1.541 3.209 4.962 1.582 0 0 -87.455 105.255 0 1 1
17 4A4T 149 1.889 0.2273 0.7614 SCORE: -135.739 -55.296 6.459 0.462 2.157 0.278 -29.109 0.882 2.292 0 0 -126.722 62.86 0 17 11
28 4A4T 196 1.941 0.2072 0.7727 SCORE: -125.365 -55.703 5.57 0.456 1.958 0.429 -31.644 1.476 2.313 -0.393 0 -111.158 61.331 0 28 12
191 4A4T 322 2.104 0.2432 0.7727 SCORE: -144.169 -54.482 3.714 0.561 1.565 0.544 -29.346 1.773 2.231 0 0 -129.332 58.603 0 191 13
1024 4A4T 122 2.417 0.2372 0.7273 SCORE: -141.337 -57.311 6.446 0.459 1.278 -0.048 -31.397 0.855 1.955 -0.442 0 -129.393 66.26 0 1024 14
1264 4A4T 205 2.589 0.2578 0.7841 SCORE: -140.783 -54.858 4.364 0.477 1.377 0.349 -30.165 1.518 2.743 0 0 -130.443 63.855 0 1264 15
1346 4A4T 323 2.732 0.162 0.6818 SCORE: -144.106 -55.265 3.438 0.468 1.916 0.025 -29.381 1.128 2.088 0 -3.536 -126.095 61.108 0 1346 16
1405 4A4T 325 2.892 0.2146 0.7159 SCORE: -150.439 -57.776 3.775 0.491 1.422 0.366 -29.806 1.289 1.546 0 0 -133.427 61.68 0 1405 17
1455 4A4T 82 3.095 0.2453 0.7273 SCORE: -143.752 -57.131 6.335 0.571 2.257 -0.255 -31.939 1.139 2.641 0 -4.965 -126.22 63.814 0 1455 18
1488 4A4T 85 3.289 0.1895 0.6477 SCORE: -146.417 -56.399 5.267 0.482 2.959 0.364 -31.523 1.261 2.107 0 -4.985 -130.18 64.229 0 1488 19
1492 4A4T 165 3.315 0.288 0.7386 SCORE: -149.593 -57.799 5.166 0.531 0.632 1.112 -30.799 1.743 2.85 0 -3.789 -130.627 61.386 0 1492 20
1533 4A4T 124 3.588 0.1837 0.6705 SCORE: -145.918 -57.508 5.228 0.473 1.599 -0.155 -31.958 0.977 2.738 0 -7.464 -125.864 66.015 0 1533 21
1542 4A4T 154 3.667 0.2096 0.6591 SCORE: -138.883 -55.911 6.47 0.486 1.291 0.367 -31.521 1.104 2.106 -1.071 -4.833 -125.827 68.456 0 1542 22
1567 4A4T 160 3.902 0.2069 0.6477 SCORE: -139.354 -56.15 3.507 0.479 1.408 -0.005 -28.962 1.271 2.421 -0.169 0 -125.989 62.835 0 1567 23
1592 4A4T 121 4.164 0.2345 0.6705 SCORE: -140.517 -53.117 3.678 0.523 0.722 0.406 -28.121 2.176 2.275 0 0 -126.003 56.944 0 1592 24
1601 4A4T 74 4.288 0.1806 0.625 SCORE: -135.924 -53.038 5.808 0.458 2.064 0.526 -26.001 1.147 1.721 -0.619 0 -129.57 61.58 0 1601 25
1610 4A4T 156 4.519 0.176 0.5568 SCORE: -138.512 -51.483 4.94 0.489 1.931 0.838 -30.821 2.221 2.06 0 0 -125.856 57.169 0 1610 26
1612 4A4T 62 4.532 0.1865 0.5909 SCORE: -126.192 -46.38 6.705 0.499 2.579 0.075 -29.076 2.211 1.68 0 0 -129.69 65.204 0 1612 27
1621 4A4T 310 4.753 0.1621 0.5682 SCORE: -133.697 -54.382 6.619 0.513 1.561 -0.063 -28.477 1.756 2.564 0 0 -128.603 64.814 0 1621 28
1627 4A4T 155 4.924 0.1865 0.5682 SCORE: -138.479 -54.235 4.17 0.514 3.002 0.896 -27.67 2.416 2.167 0 -5.186 -129.744 65.19 0 1627 29
1635 4A4T 143 5.075 0.1985 0.625 SCORE: -129.526 -53.281 7.788 0.482 1.769 0.565 -28.07 1.842 4.422 0 0 -126.097 61.054 0 1635 30
1641 4A4T 144 5.258 0.1617 0.5795 SCORE: -130.189 -53.138 4.13 0.525 4.155 1.911 -31.508 1.868 2.949 0 -4.515 -115.34 58.773 0 1641 31
1645 4A4T 105 5.493 0.175 0.5909 SCORE: -121.268 -53.441 8.835 0.615 5.483 2.733 -27.122 2.463 3.809 0 -9.04 -124.519 68.916 0 1645 32
1651 4A4T 302 5.624 0.1709 0.5909 SCORE: -125.65 -48.903 4.543 0.558 2.158 1.256 -27.059 2.057 3.963 -0.347 0 -125.331 61.456 0 1651 33
1657 4A4T 111 5.754 0.1893 0.5682 SCORE: -125.69 -45.442 3.988 0.485 4.242 -0.562 -27.467 2.933 3.105 -0.495 -4.117 -123.804 61.443 0 1657 34
1663 4A4T 120 6.041 0.1738 0.5341 SCORE: -139.817 -53.155 6.785 0.661 2.913 2.693 -28.791 2.731 3.12 -0.469 0 -144.081 67.775 0 1663 35
1665 4A4T 138 6.155 0.1808 0.6136 SCORE: -122.403 -43.677 3.077 0.666 2.498 1.48 -27.591 7.31 7.92 0 0 -130.517 56.431 0 1665 36
1668 4A4T 103 6.287 0.1413 0.4545 SCORE: -115.398 -43.686 5.141 0.892 5.108 1.029 -26.197 5.79 4.711 0 -2.749 -130.403 64.967 0 1668 37
1671 4A4T 51 6.488 0.1464 0.5 SCORE: -68.794 -45.535 16.975 6.677 5.16 2.671 -26.147 6.119 13.305 -0.296 -0.283 -125.754 78.314 0 1671 38
1675 4A4T 343 6.729 0.1346 0.5455 SCORE: -119.681 -49.907 6.377 0.813 3.621 0.397 -26.815 2.818 4.913 -0.742 -2.866 -123.832 65.542 0 1675 39
