1 4A4U 1 0 1 1 SCORE: 10.869 -44.04 43.186 0.823 1.969 0.714 -6.105 5.667 1.451 -0.006 0 -97.664 104.873 0 1 1
4 4A4U 534 1.721 0.2552 0.8068 SCORE: -66.63 -58.367 17.612 1.64 1.962 0.109 -19.431 1.699 8.372 0 0 -113.17 92.945 0 4 10
77 4A4U 407 1.855 0.2073 0.7841 SCORE: -70.609 -56.165 11.529 2.057 1.734 0.391 -21.558 1.768 9.014 0 0 -103.642 84.261 0 77 11
190 4A4U 144 2.021 0.2336 0.7955 SCORE: -130.252 -53.663 3.281 0.468 1.522 0.842 -27.912 1.191 2.288 -0.179 0 -115.257 57.168 0 190 12
354 4A4U 78 2.155 0.1897 0.75 SCORE: -142.751 -58.482 6.219 0.464 1.324 0.035 -31.496 0.792 3.207 -0.305 0 -130.566 66.055 0 354 13
633 4A4U 246 2.281 0.1632 0.7045 SCORE: -148.058 -56.759 3.845 0.483 0.792 0.596 -29.167 1.459 1.51 0 -4.773 -125.823 59.779 0 633 14
1034 4A4U 81 2.507 0.1792 0.7159 SCORE: -144 -55.161 3.29 0.474 1.613 -0.068 -30.887 0.81 2.121 0 0 -126.057 59.864 0 1034 15
1346 4A4U 165 2.74 0.1697 0.7159 SCORE: -146.134 -54.065 3.365 0.506 0.899 0.566 -28.23 1.797 1.309 0 0 -130.597 58.315 0 1346 16
1376 4A4U 82 2.797 0.2019 0.6818 SCORE: -146.478 -60.363 5.404 0.483 2.008 0.009 -32.689 0.787 2.889 0 0 -130.451 65.444 0 1376 17
1440 4A4U 86 2.984 0.192 0.6705 SCORE: -151.608 -59.228 4.695 0.75 1.804 0.481 -30.749 1.097 2.131 0 0 -134.811 62.223 0 1440 18
1489 4A4U 244 3.304 0.1585 0.6591 SCORE: -145.319 -54.434 3.713 0.47 1.819 0.15 -29.238 0.942 2.606 0 -4.445 -129.003 62.098 0 1489 19
1491 4A4U 41 3.351 0.1832 0.6591 SCORE: -135.886 -58.346 6.829 0.539 2.687 -0.053 -31.479 1.157 2.17 0 -3.418 -115.654 59.684 0 1491 20
1510 4A4U 117 3.618 0.1892 0.6705 SCORE: -140.598 -56.241 6.963 0.587 1.323 -0.075 -27.753 1.417 1.854 -0.62 0 -134.468 66.415 0 1510 21
1519 4A4U 166 3.754 0.1377 0.6136 SCORE: -147.872 -60.905 5.609 0.47 2.325 0.273 -30.352 0.801 2.267 0 0 -130.854 62.494 0 1519 22
1535 4A4U 159 3.926 0.1553 0.6477 SCORE: -140.457 -55.559 5.264 0.499 1.225 1.048 -27.679 1.548 1.416 0 0 -126.027 57.807 0 1535 23
1547 4A4U 115 4.103 0.2235 0.6705 SCORE: -139.255 -51.998 4.731 0.484 3.276 0.345 -31.837 0.988 2.695 0 0 -129.481 61.54 0 1547 24
1556 4A4U 85 4.208 0.171 0.6364 SCORE: -150.87 -58.273 5.647 0.471 1.77 -0.429 -29.762 0.779 2.265 0 0 -138.26 64.921 0 1556 25
1565 4A4U 150 4.507 0.1701 0.5682 SCORE: -135.64 -55.977 4.98 0.471 1.092 0.427 -28.784 1.59 2.245 -0.131 0 -125.347 63.793 0 1565 26
1567 4A4U 44 4.529 0.1869 0.6136 SCORE: -138.435 -57.067 4.123 0.469 2.155 1.342 -30.431 0.705 1.324 0 0 -119.904 58.85 0 1567 27
1577 4A4U 35 4.733 0.1315 0.5568 SCORE: -133.074 -55.051 4.913 0.459 2.412 0.176 -28.862 0.657 1.895 0 0 -119.998 60.326 0 1577 28
1585 4A4U 197 4.975 0.1417 0.5341 SCORE: -131.524 -50.377 4.439 0.563 1.778 1.265 -29.327 2.555 1.897 0 -3.218 -117.399 56.3 0 1585 29
1590 4A4U 59 5.124 0.1678 0.6364 SCORE: -131.747 -55.517 5.156 0.504 1.41 0.593 -30.834 2.103 1.243 -0.617 0 -120.679 64.893 0 1590 30
1598 4A4U 395 5.359 0.135 0.5341 SCORE: -122.431 -52.163 6.621 0.485 1.969 0.382 -29.297 1.475 2.422 -0.049 0 -119.051 64.776 0 1598 31
1601 4A4U 25 5.535 0.1265 0.5682 SCORE: -123.849 -49.928 3.687 0.998 2.446 0.524 -25.984 2.588 3.213 -0.716 -3.799 -114.049 57.171 0 1601 32
1605 4A4U 67 5.653 0.1593 0.5341 SCORE: -135.731 -50.825 6.574 1.068 3.23 0.793 -26.995 1.888 3.822 0 -2.81 -134.667 62.191 0 1605 33
1614 4A4U 406 5.794 0.1728 0.6136 SCORE: -134.714 -47.471 3.783 0.716 3.812 1.763 -29.287 2.643 3.423 0 -9.721 -125.277 60.901 0 1614 34
1621 4A4U 60 6.071 0.1612 0.5795 SCORE: -131.787 -53.559 5.826 0.53 2.035 1.558 -29.421 2.029 1.857 0 0 -124.982 62.341 0 1621 35
1628 4A4U 278 6.25 0.1433 0.5341 SCORE: -134.045 -48.385 4.666 0.976 2.337 0.373 -25.698 3.708 5.719 0 -6.863 -126.174 55.297 0 1628 36
1630 4A4U 353 6.302 0.1661 0.5795 SCORE: -126.011 -43.69 4.122 0.857 4.124 1.479 -27.344 2.425 2.066 0 -17.146 -114.565 61.661 0 1630 37
1634 4A4U 230 6.451 0.1644 0.5568 SCORE: -127.532 -49.034 3.636 0.524 3.369 0.197 -25.476 1.591 2.148 0 0 -124.914 60.429 0 1634 38
