1 2LUB 1 0 1 1 SCORE: -149.587 -89.837 10.028 0.807 1.431 2.662 -38.811 6.142 2.581 -2.182 0 -169.782 127.372 0 1 1
3 2LUB 6 1.375 0.6552 0.8716 SCORE: -140.816 -91.276 11.535 0.816 1.693 3.305 -43.049 7.329 2.52 -1.659 0 -161.935 129.904 0 3 8
5 2LUB 2 1.479 0.6449 0.8446 SCORE: -151.332 -92.487 11.402 0.803 1.194 2.64 -40.558 6.392 2.583 -2.117 0 -172.667 131.485 0 5 9
12 2LUB 9 1.644 0.5979 0.8378 SCORE: -139.119 -89.583 9.233 0.814 1.523 3.423 -40.34 6.651 2.583 -2.522 0 -161.634 130.734 0 12 10
167 2LUB 5 1.829 0.5291 0.7905 SCORE: -143.427 -88.629 10.011 0.823 1.495 3.027 -41.963 6.493 3.177 -2.385 0 -163.605 128.127 0 167 11
252 2LUB 10 1.942 0.4691 0.7635 SCORE: -128.788 -89.618 12.195 0.807 1.583 3.086 -41.005 8.079 3.321 -3.23 0 -161.594 137.587 0 252 12
302 2LUB 715 2.124 0.6354 0.8176 SCORE: -121.361 -95.57 17.313 3.31 2.873 0.293 -32.822 2.477 22.014 -0.379 0 -173.398 132.527 0 302 13
342 2LUB 752 2.391 0.5356 0.7703 SCORE: -127.308 -94.138 18.236 3.476 3.379 0.203 -35.023 4.624 19.129 -0.596 0 -172.933 126.337 0 342 14
387 2LUB 755 2.514 0.5455 0.7838 SCORE: -113.826 -93.522 17.204 3.517 3.265 0.207 -34.45 2.745 22.096 -0.472 0 -166.106 131.689 0 387 15
557 2LUB 822 2.744 0.4982 0.7365 SCORE: -115.714 -94.307 17.391 3.017 3.288 0.654 -34.467 3.248 22.499 -0.088 0 -164.026 127.076 0 557 16
728 2LUB 823 2.923 0.4864 0.7432 SCORE: -123.079 -98.667 19.113 3.477 3.502 0.117 -35.407 3.153 24.397 -0.349 0 -176.755 134.34 0 728 17
770 2LUB 849 2.996 0.4578 0.7365 SCORE: -116.511 -93.142 24.489 3.254 3.322 -0.495 -37.36 2.834 21.741 0 0 -169.01 127.857 0 770 18
782 2LUB 932 3.178 0.453 0.7027 SCORE: -87.442 -92.635 19.313 2.962 3.419 0.463 -34.435 3.245 29.243 -0.366 0 -144.977 126.327 0 782 19
783 2LUB 395 3.873 0.3192 0.5676 SCORE: -173.67 -85.937 16.596 1.253 4.288 2.117 -47.471 6.341 11.043 -0.281 0 -185.136 103.516 0 783 23
784 2LUB 316 4.276 0.3192 0.5473 SCORE: -181.818 -89.223 13.902 0.939 4.006 0.342 -45.516 2.893 6.249 0 0 -181.064 105.655 0 784 25
785 2LUB 267 5.046 0.4456 0.6149 SCORE: -169.903 -83.344 17.6 1.214 4.334 0.984 -47.712 5.429 9.263 -0.152 0 -193.667 116.147 0 785 30
789 2LUB 410 5.285 0.3135 0.5338 SCORE: -226.758 -93.494 5.119 0.833 2.922 0.864 -51.228 2.529 4.367 0 0 -195.424 96.754 0 789 31
790 2LUB 287 5.491 0.3267 0.5338 SCORE: -220.048 -90.246 6.907 1.39 5.462 0.502 -52.602 3.937 4.918 -0.032 0 -196.267 95.983 0 790 32
792 2LUB 243 5.703 0.256 0.4865 SCORE: -219.972 -89.772 6.291 0.838 3.886 0.727 -51.683 3.519 5.726 0 -3.108 -196.356 99.96 0 792 33
794 2LUB 86 5.98 0.2391 0.4527 SCORE: -216.985 -85.783 7.172 0.988 5 1.518 -51.752 4.041 6.514 0 0 -204.947 100.265 0 794 35
798 2LUB 247 6.127 0.2939 0.4932 SCORE: -231.014 -90.482 7.35 0.873 3.03 0.819 -50.822 3.293 4.652 0 0 -215.701 105.974 0 798 36
806 2LUB 166 6.381 0.2695 0.4662 SCORE: -228.035 -93.628 6.943 0.973 2.608 -0.217 -50.657 2.075 3.744 0 0 -199.179 99.304 0 806 37
816 2LUB 50 6.56 0.2657 0.4662 SCORE: -239.934 -94.298 5.767 1.114 3.118 0.422 -52.674 1.993 4.677 0 0 -210.802 100.748 0 816 38
818 2LUB 288 6.58 0.2567 0.4459 SCORE: -224.672 -90.726 5.111 0.855 3.293 0.194 -50.776 2.449 3.798 -0.277 0 -196.923 98.331 0 818 39
833 2LUB 89 6.822 0.2999 0.4797 SCORE: -230.168 -92.814 6.87 0.915 2.259 1.652 -51.266 2.645 5.255 0 0 -204.922 99.239 0 833 40
