1 2LV0 1 0 1 1 SCORE: -23.722 -48.274 4.516 0.428 1.35 0.892 -19.46 2.327 14.936 -0.645 0 -56.178 76.387 0 1 1
2 2LV0 4 0.865 0.6486 0.9583 SCORE: -7.087 -48.08 11.843 0.429 1.389 1.114 -13.693 2.58 15.49 -0.855 0 -52.936 75.633 0 2 6
4 2LV0 412 1.083 0.5013 0.9167 SCORE: -55.028 -60.513 12.148 1.483 1.861 0.961 -17.634 3.538 11.77 0 0 -97.243 88.601 0 4 7
11 2LV0 415 1.354 0.332 0.8646 SCORE: -66.086 -61.955 10.291 1.877 1.993 0.582 -21.117 1.967 11.671 0 -1.614 -100.693 90.911 0 11 8
47 2LV0 430 1.427 0.3137 0.8438 SCORE: -72.091 -62.415 9.9 1.837 2.062 0.546 -21.182 1.864 8.826 0 -1.741 -102.254 90.468 0 47 9
146 2LV0 487 1.652 0.2667 0.7917 SCORE: -71.473 -61.826 8.538 2.212 2.003 0.544 -21.666 2.054 10.86 0 -2.333 -98.565 86.705 0 146 10
359 2LV0 529 1.85 0.2507 0.7708 SCORE: -73.36 -62.29 9.976 2.138 2.101 0.82 -21.305 2.043 11.691 0 -1.63 -102.169 85.266 0 359 11
729 2LV0 130 2.036 0.3248 0.7813 SCORE: -142.075 -58.171 4.238 0.54 1.493 1.115 -33.447 1.593 2.732 -0.311 -5.135 -118.784 62.062 0 729 12
868 2LV0 371 2.107 0.3571 0.8229 SCORE: -147.061 -62.815 5.736 0.523 2.177 -0.102 -33.994 1.008 2.835 -0.62 0 -130.097 68.289 0 868 13
1152 2LV0 410 2.338 0.3555 0.7708 SCORE: -137.132 -60.65 3.818 0.548 2.578 0.146 -32.958 1.706 2.967 -0.287 -4.002 -119.147 68.149 0 1152 14
1195 2LV0 129 2.435 0.4555 0.8333 SCORE: -139.992 -61.947 5.143 0.509 2.482 -0.041 -35.036 1.095 3.973 -0.152 0 -123.145 67.129 0 1195 15
1245 2LV0 131 2.681 0.3851 0.8125 SCORE: -147.265 -59.472 4.338 0.565 2.816 0.269 -36.048 1.175 2.806 0 0 -127.807 64.093 0 1245 16
1255 2LV0 366 2.841 0.3046 0.7292 SCORE: -135.237 -58.269 4.319 0.529 1.972 0.336 -35.843 2.242 2.503 0 0 -110.902 57.877 0 1255 17
1263 2LV0 91 2.978 0.3189 0.7604 SCORE: -145.237 -59.365 5.147 0.546 1.64 0.725 -31.817 2.315 2.263 0 0 -126.055 59.363 0 1263 18
1281 2LV0 289 3.215 0.3055 0.7083 SCORE: -142.561 -60.676 3.758 0.507 3.067 0.475 -33.036 0.762 1.998 -0.337 -2.437 -122.542 65.901 0 1281 19
1288 2LV0 288 3.322 0.3001 0.7083 SCORE: -142.401 -61.136 4.897 0.504 2.774 0.175 -33.921 0.83 2.439 -0.477 -3.33 -122.244 67.087 0 1288 20
1298 2LV0 208 3.625 0.3224 0.6875 SCORE: -131.681 -58.535 6.944 0.689 2.756 0.72 -30.819 4.69 3.047 0 -6.905 -119.053 64.786 0 1298 21
1302 2LV0 251 3.651 0.2356 0.6458 SCORE: -141.728 -55.826 4.417 0.708 1.518 0.694 -34.675 5.77 2.552 -0.085 0 -124.3 57.501 0 1302 22
1312 2LV0 291 3.812 0.298 0.6667 SCORE: -148.4 -63.644 5.356 0.519 3.313 0.626 -35.133 1.085 2.167 0 -3.203 -124.872 65.385 0 1312 23
1323 2LV0 171 3.982 0.3746 0.7604 SCORE: -140.052 -61.41 3.853 0.533 2.806 0.377 -35.642 1.155 2.1 -0.234 0 -114.17 60.581 0 1323 24
1334 2LV0 290 4.176 0.2714 0.6354 SCORE: -145.161 -58.582 3.414 0.552 2.624 1.315 -35.136 2.105 2.362 0 -4.355 -115.345 55.884 0 1334 25
1342 2LV0 170 4.319 0.2305 0.6146 SCORE: -138.32 -56.241 4.244 0.577 2.331 0.536 -32.814 1.73 2.35 -0.153 -3.48 -120.242 62.842 0 1342 26
1355 2LV0 90 4.597 0.231 0.6458 SCORE: -140.999 -56.725 4.57 0.553 1.748 0.704 -32.447 2.832 3.84 0 0 -128.852 62.779 0 1355 27
1360 2LV0 275 4.78 0.2203 0.5833 SCORE: -129.665 -52.314 4.343 0.688 3.152 0.412 -32.004 2.416 4.86 0 -6.132 -118.591 63.506 0 1360 28
1365 2LV0 79 4.901 0.2268 0.6458 SCORE: -130.57 -56.435 7.744 0.616 2.584 1.206 -31.579 2.648 3.55 -0.432 0 -124.499 64.028 0 1365 29
1377 2LV0 286 5.084 0.2128 0.5938 SCORE: -138.277 -55.607 4.901 0.8 3.763 2.613 -33.938 2.77 2.206 0 -2.96 -122.337 59.512 0 1377 30
1384 2LV0 166 5.188 0.2276 0.5729 SCORE: -132.204 -50.401 5.062 0.559 3.221 1.069 -31.852 2.502 1.52 -0.058 0 -123.052 59.224 0 1384 31
1396 2LV0 244 5.504 0.2733 0.6458 SCORE: -126.251 -53.592 5.709 0.611 2.479 1.085 -29.983 2.637 2.825 0 0 -119.088 61.066 0 1396 32
1397 2LV0 395 5.525 0.3385 0.6979 SCORE: -119.408 -56.662 5.014 0.572 3.868 1.762 -35.591 1.978 2.376 -0.174 0 -100.859 58.308 0 1397 33
1405 2LV0 159 5.844 0.2046 0.5521 SCORE: -127.276 -53.712 4.034 0.627 2.359 1.149 -30.992 3.707 3.259 0 0 -114.826 57.118 0 1405 34
