1 2MFD 1 0 1 1 SCORE: -41.895 -49.239 13.698 0.596 1.18 1.799 -19.322 1.862 0.736 -2.701 0 -78.854 88.35 0 1 1
2 2MFD 18 0.622 0.5456 0.9868 SCORE: -42.741 -48.397 13.332 0.626 0.742 1.534 -19.085 1.985 0.535 -3.185 0 -75.039 84.21 0 2 4
6 2MFD 17 0.969 0.4393 0.9474 SCORE: -52.523 -48.978 11.57 0.569 0.715 1.168 -21.986 1.885 0.56 -1.836 0 -79.915 83.724 0 6 6
12 2MFD 8 1.096 0.3593 0.9211 SCORE: -48.192 -48.783 11.571 0.587 0.958 1.708 -19.904 1.929 0.598 -0.953 0 -76.902 80.997 0 12 7
22 2MFD 414 1.36 0.25 0.8553 SCORE: -44.124 -46.197 9.645 1.326 1.141 0.663 -18.382 1.168 5.763 0 0 -75.838 76.587 0 22 8
55 2MFD 415 1.397 0.2404 0.8553 SCORE: -44.77 -46.664 9.826 1.291 1.217 0.635 -18.909 1.2 6.108 0 0 -76.288 76.814 0 55 9
226 2MFD 16 1.57 0.3528 0.8553 SCORE: -44.835 -49.549 12.074 0.669 0.804 1.495 -20.013 2.624 0.616 -2.474 0 -75.008 83.927 0 226 10
250 2MFD 14 1.802 0.345 0.8158 SCORE: -47.385 -50.006 10.849 0.69 0.858 1.699 -17.143 2.318 0.495 -1.36 0 -78.472 82.687 0 250 11
276 2MFD 208 2.014 0.248 0.8026 SCORE: -106.419 -43.971 5.704 0.442 0.879 0.696 -24.849 2.335 2.493 -0.049 0 -100.054 49.954 0 276 12
404 2MFD 379 2.162 0.2219 0.7895 SCORE: -106.98 -45.329 4.509 0.4 1.256 0.407 -23.512 1.201 2.941 -0.263 -2.325 -102.647 56.382 0 404 13
867 2MFD 373 2.397 0.2527 0.75 SCORE: -104.987 -44.307 5.841 0.514 1.075 0.686 -24.415 1.458 1.947 -0.332 -3.888 -94.679 51.112 0 867 14
1065 2MFD 801 2.493 0.197 0.7237 SCORE: -44.911 -47.836 9.511 1.379 1.074 0.996 -16.522 1.607 9.845 0 -4.215 -70.308 69.558 0 1065 15
1379 2MFD 94 2.673 0.2637 0.7895 SCORE: -108.919 -46.82 5.12 0.43 1.204 0.871 -27.366 1.502 2.691 0 0 -95.384 48.832 0 1379 16
1496 2MFD 298 2.795 0.2074 0.7368 SCORE: -111.243 -46.217 3.909 0.453 0.516 0.22 -23.617 2.584 2.075 0 0 -101.251 50.086 0 1496 17
1600 2MFD 248 3.013 0.182 0.6842 SCORE: -98.993 -43.45 5.159 0.409 1.187 0.37 -24.768 1.004 1.337 -0.306 0 -90.06 50.124 0 1600 18
1624 2MFD 90 3.261 0.2279 0.6842 SCORE: -108.707 -44.241 4.269 0.409 1.624 0.133 -25.741 1.235 2.079 0 0 -98.728 50.252 0 1624 19
1636 2MFD 216 3.433 0.1958 0.6842 SCORE: -113.326 -41.938 2.914 0.418 1.414 0.018 -23.657 2.053 1.986 -0.242 0 -112.189 55.897 0 1636 20
1640 2MFD 219 3.462 0.2006 0.6711 SCORE: -113.517 -44.698 3.787 0.513 1.05 0.552 -26.645 1.474 2.024 0 0 -100.748 49.174 0 1640 21
1675 2MFD 99 3.784 0.2296 0.6974 SCORE: -114.655 -43.223 3.892 0.456 1.156 -0.294 -22.924 1.866 2.294 -0.003 -4.887 -102.76 49.772 0 1675 22
1685 2MFD 60 3.902 0.2197 0.6842 SCORE: -111.401 -47.616 3.213 0.43 1.16 -0.046 -27.009 0.992 1.69 0 0 -90.813 46.598 0 1685 23
1696 2MFD 334 4.023 0.194 0.6579 SCORE: -111.078 -45.535 2.745 0.426 1.272 0.17 -25.745 1.26 2.034 0 0 -97.022 49.319 0 1696 24
1714 2MFD 95 4.166 0.2445 0.6579 SCORE: -108.838 -48.608 4.144 0.411 1.6 -0.239 -26.177 0.805 1.779 0 0 -90.591 48.037 0 1714 25
1743 2MFD 339 4.459 0.2024 0.6711 SCORE: -117.356 -46.934 3.1 0.427 1.252 0.66 -26.031 0.95 1.9 0 -3.765 -99.008 50.092 0 1743 26
1756 2MFD 336 4.577 0.1585 0.6184 SCORE: -112.754 -47.762 3.028 0.59 2.146 0.29 -26.631 1.342 1.648 0 -3.631 -90.521 46.746 0 1756 27
1770 2MFD 220 4.709 0.2091 0.6184 SCORE: -115.921 -44.348 2.685 0.42 1.212 0.643 -25.922 1.021 1.844 0 0 -102.549 49.073 0 1770 28
1787 2MFD 340 4.889 0.1809 0.6316 SCORE: -118.649 -46.825 3.11 0.415 1.945 0.466 -26.847 1.158 2.145 0 -4.615 -102.446 52.845 0 1787 29
1799 2MFD 338 5.023 0.1857 0.6316 SCORE: -116.535 -48.971 3.137 0.401 2.371 0.456 -27.507 0.498 1.852 0 -4.612 -95.463 51.303 0 1799 30
1818 2MFD 100 5.252 0.1893 0.5789 SCORE: -118.427 -45.963 4.057 0.433 1.383 0.304 -25.202 0.996 2.083 0 0 -106.961 50.443 0 1818 31
1838 2MFD 337 5.457 0.1912 0.6053 SCORE: -113.083 -49.486 4.672 0.408 2.319 0.345 -28.128 0.566 2.319 0 -4.191 -90.742 48.835 0 1838 32
1850 2MFD 92 5.653 0.218 0.6316 SCORE: -108.802 -46.764 3.247 0.417 1.945 0.408 -27.929 1.051 2.072 0 0 -90.571 47.322 0 1850 33
