1 2LQZ 1 0 1 1 SCORE: -10.063 -61.28 28.489 0.821 4.828 1.247 -18.765 2.332 0.683 -2.807 0 -80.841 115.23 0 1 1
3 2LQZ 3 0.783 0.6999 0.963 SCORE: -28.062 -63.793 25.089 0.713 5.779 1.483 -23.659 2.23 0.595 -2.844 -4.746 -93.393 124.485 0 3 5
4 2LQZ 2 0.989 0.7249 0.9444 SCORE: -7.577 -63.458 28.258 0.858 6.405 2.777 -16.26 2.104 0.685 -3.143 -2.946 -84.799 121.942 0 4 6
22 2LQZ 565 1.216 0.5676 0.8796 SCORE: -28.406 -61.493 29.315 1.847 2.957 0.859 -22.429 2.859 12.492 -0.022 0 -93.739 98.948 0 22 7
62 2LQZ 578 1.274 0.5419 0.8981 SCORE: -35.625 -61.829 24.905 1.83 2.815 1.01 -22.469 3.156 13.603 -0.001 0 -97.702 99.058 0 62 8
139 2LQZ 514 1.492 0.4979 0.8611 SCORE: -27.748 -61.506 31.261 1.525 2.943 0.85 -22.145 2.898 11.737 0 0 -96.907 101.596 0 139 9
240 2LQZ 902 1.665 0.4249 0.7963 SCORE: -30.209 -62.664 12.721 1.595 3.766 0.904 -29.13 2.889 24.954 -1.225 -3.225 -76.94 96.146 0 240 10
311 2LQZ 767 1.865 0.3828 0.7778 SCORE: -41.697 -62.99 18.708 2.123 3.517 0.944 -26.589 2.836 15.63 -0.352 -4.225 -88.366 97.066 0 311 11
378 2LQZ 778 1.938 0.3748 0.7407 SCORE: -39.804 -62.461 26.997 1.976 3.352 0.861 -29.402 2.937 17.777 -0.412 -6.549 -93.953 99.073 0 378 12
530 2LQZ 906 2.109 0.3455 0.7407 SCORE: -31.18 -65.456 19.913 1.519 4.431 0.98 -29.628 3.804 21.668 -0.979 -5.947 -86.552 105.068 0 530 13
709 2LQZ 745 2.322 0.3413 0.7222 SCORE: -30.086 -62.034 21.094 2.199 3.681 0.741 -27.427 2.822 19.35 0 -0.824 -79.471 89.783 0 709 14
968 2LQZ 984 2.58 0.3037 0.6944 SCORE: -23.045 -64.229 21.587 1.451 4.551 1.302 -33.827 3.073 17.223 -0.901 -6.897 -69.93 103.553 0 968 15
1014 2LQZ 985 2.702 0.3299 0.7037 SCORE: -17.276 -64.575 26.401 1.404 3.956 1.053 -29.428 3.157 21.248 -1.296 -2.529 -74.399 97.734 0 1014 16
1053 2LQZ 1299 2.879 0.2728 0.6852 SCORE: -15.675 -58.772 16.178 2.065 3.542 0.542 -31.243 3.985 29.047 -1.112 -2.212 -60.442 82.747 0 1053 17
1059 2LQZ 1410 3.024 0.2226 0.6204 SCORE: 15.774 -56.185 31.098 1.468 3.261 0.105 -20.665 4.497 29.594 -0.406 -2.426 -58.981 84.413 0 1059 18
1060 2LQZ 280 4.341 0.2189 0.537 SCORE: -132.401 -62.005 4.71 3.523 3.861 2.645 -37.704 4.364 6.434 0 -6.863 -126.495 75.129 0 1060 25
1061 2LQZ 288 4.507 0.202 0.5278 SCORE: -146.488 -58.603 4.433 0.587 2.873 1.212 -37.332 2.157 1.278 0 0 -129.895 66.804 0 1061 26
1063 2LQZ 204 4.701 0.2195 0.5556 SCORE: -147.147 -61.39 8.432 0.653 4.065 1.573 -39.192 3.186 3.822 0 -7.823 -129.079 68.605 0 1063 27
1066 2LQZ 282 4.777 0.2186 0.5741 SCORE: -138.8 -60.667 7.132 0.59 2.622 0.191 -36.124 1.479 4.212 0 0 -124.424 66.188 0 1066 28
1070 2LQZ 129 4.893 0.1707 0.5093 SCORE: -158.362 -61.322 3.905 0.665 2.72 0.625 -33.748 3.032 3.128 0 0 -145.525 68.158 0 1070 29
1072 2LQZ 184 5.094 0.2105 0.5278 SCORE: -120.664 -58.845 10.126 0.632 4.27 0.799 -34.911 2.386 4.627 -0.143 0 -122.745 73.14 0 1072 30
1074 2LQZ 88 5.412 0.175 0.5 SCORE: -141.639 -62.686 7.946 0.714 2.903 1.148 -38.636 2.047 3.061 0 -4.075 -123.22 69.16 0 1074 31
1075 2LQZ 197 5.452 0.2024 0.5 SCORE: -137.523 -63.432 6.127 0.624 2.549 0.722 -36.555 1.469 3.264 -0.488 0 -125.256 73.454 0 1075 32
1077 2LQZ 205 5.635 0.2226 0.5185 SCORE: -146.627 -61.618 6.279 1.785 1.664 1.063 -36.548 3.772 6.032 -0.12 0 -135.779 66.844 0 1077 33
1081 2LQZ 209 5.81 0.1984 0.5 SCORE: -153.267 -62.367 5.395 0.741 4.285 0.652 -38.223 2.735 2.352 0 0 -136.801 67.963 0 1081 34
1084 2LQZ 165 5.995 0.2169 0.5 SCORE: -146.905 -60.511 7.419 0.615 2.523 0.234 -35.563 2.268 2.212 0 0 -136.729 70.628 0 1084 35
1092 2LQZ 125 6.178 0.1954 0.5 SCORE: -150.889 -58.839 6.336 0.803 2.307 0.915 -34.567 2.862 3.369 0 -4.983 -142.228 73.137 0 1092 36
1098 2LQZ 157 6.295 0.2057 0.463 SCORE: -137.345 -58.209 7.742 0.583 2.746 -0.219 -36.469 1.952 2.532 0 0 -130.713 72.708 0 1098 37
1103 2LQZ 327 6.562 0.1742 0.4907 SCORE: -143.119 -67.308 9.272 0.626 2.285 -0.06 -38.934 2.227 3.611 -0.068 0 -129.361 74.591 0 1103 38
1106 2LQZ 49 6.746 0.2224 0.5 SCORE: -154.456 -66.38 3.834 0.896 3.186 0.6 -36.739 1.923 3.658 0 0 -130.974 65.54 0 1106 39
