1 2M4W 1 0 1 1 SCORE: -1.256 -41.501 10.032 0.468 1.548 0.464 -14.306 1.556 4.462 -3.309 0 -36.991 76.321 0 1 1
2 2M4W 8 0.351 0.6967 1 SCORE: -0.391 -40.6 10.866 0.423 1.584 0.734 -16.881 1.394 4.201 -2.043 0 -33.088 73.019 0 2 3
8 2M4W 5 0.608 0.5034 0.9853 SCORE: -7.764 -42.46 10.053 0.473 1.525 0.742 -14.139 1.494 4.218 -1.913 0 -39.204 71.446 0 8 4
9 2M4W 7 0.686 0.4384 0.9853 SCORE: 1.572 -43.355 13.969 0.432 1.765 0.73 -13.462 1.225 4.229 -1.419 0 -35.722 73.179 0 9 5
121 2M4W 231 0.999 0.3625 0.9412 SCORE: -46.949 -40.323 7.25 1.379 1.735 0.308 -16.358 1.415 5.441 0 0 -68.968 61.171 0 121 6
152 2M4W 276 1.171 0.3546 0.9118 SCORE: -54.495 -41.214 5.804 1.472 1.785 0.179 -18.05 1.105 6.444 0 -0.265 -69.748 57.992 0 152 7
155 2M4W 274 1.184 0.3479 0.8824 SCORE: -52.53 -41.414 6.251 1.439 1.689 0.309 -17.923 0.916 6.569 0 0 -70.133 59.767 0 155 8
198 2M4W 307 1.391 0.2932 0.8235 SCORE: -51.891 -40.903 7.504 1.647 1.81 0.177 -17.809 0.87 6.712 0 0 -70.497 58.598 0 198 9
275 2M4W 350 1.554 0.3121 0.8382 SCORE: -51.54 -40.33 5.49 1.678 1.953 -0.073 -18.15 1.119 7.357 0 0 -69.295 58.712 0 275 10
424 2M4W 46 1.809 0.208 0.8235 SCORE: -99.522 -43.197 3.437 0.374 2.628 0.436 -21.695 1.202 2.08 0 -3.37 -84.911 43.494 0 424 11
495 2M4W 82 1.898 0.2013 0.8235 SCORE: -102.508 -43.328 3.128 0.371 2.032 0.258 -22.502 0.965 1.763 -0.114 -3.691 -84.602 43.212 0 495 12
733 2M4W 117 2.141 0.2409 0.7941 SCORE: -101.301 -45.393 3.213 0.363 2.215 0.269 -24.381 0.546 1.195 -0.411 -2.628 -86.444 50.154 0 733 13
860 2M4W 128 2.317 0.2137 0.75 SCORE: -105.297 -44.245 2.871 0.383 1.957 0.074 -23.696 1.353 1.422 -0.328 -3.127 -86.763 44.802 0 860 14
962 2M4W 89 2.427 0.2601 0.7941 SCORE: -105.982 -45.646 2.918 0.378 2.38 0.376 -23.604 0.949 1.614 -0.384 -2.167 -90.179 47.384 0 962 15
1259 2M4W 129 2.598 0.2241 0.7647 SCORE: -106.023 -43.821 2.622 0.376 1.897 0.645 -23.177 0.951 1.179 0 -3.264 -87.15 43.719 0 1259 16
1604 2M4W 81 2.769 0.2107 0.7353 SCORE: -102.931 -43.627 3.621 0.365 2.234 0.518 -23.547 0.723 1.468 -0.427 -3.167 -87.154 46.061 0 1604 17
1804 2M4W 50 2.982 0.2327 0.7353 SCORE: -105.025 -44.227 2.618 0.381 2.75 0.244 -23.409 0.633 1.188 -0.267 -1.55 -90.86 47.475 0 1804 18
1833 2M4W 86 3.05 0.2056 0.7353 SCORE: -103.4 -45.033 4.655 0.374 2.179 0.775 -23.04 1.022 1.704 0 -3.288 -90.372 47.624 0 1833 19
1877 2M4W 83 3.199 0.1686 0.75 SCORE: -102.876 -44.872 4.023 0.357 2.7 0.185 -24.702 0.631 1.467 0 -3.121 -86.85 47.304 0 1877 20
1893 2M4W 80 3.399 0.1895 0.7059 SCORE: -102.567 -43.816 2.722 0.366 2.222 0.355 -24.536 0.729 1.36 -0.385 -3.223 -84.718 46.357 0 1893 21
1901 2M4W 127 3.585 0.2192 0.7059 SCORE: -104.898 -44.005 3.01 0.381 2.153 0.745 -23.469 1.214 1.731 0 -3.472 -87.002 43.816 0 1901 22
1905 2M4W 90 3.733 0.1709 0.6912 SCORE: -106.364 -44.593 2.688 0.373 2.452 0.306 -25.299 0.882 1.736 0 -3.7 -84.576 43.368 0 1905 23
1910 2M4W 130 4.009 0.1701 0.6765 SCORE: -106.992 -43.686 2.785 0.389 2.036 0.776 -23.444 1.158 1.31 0 -2.002 -90.065 43.753 0 1910 24
1916 2M4W 49 4.069 0.1755 0.6765 SCORE: -104.096 -42.662 2.81 0.457 2.793 0.844 -23.47 0.938 1.581 -0.245 -2.028 -91.084 45.969 0 1916 25
1918 2M4W 18 4.443 0.1636 0.6029 SCORE: -73.996 -30.085 2.756 0.374 2.415 0.268 -21.113 1.564 1.126 0 0 -65.41 34.109 0 1918 27
1920 2M4W 107 4.718 0.1834 0.6765 SCORE: -98.197 -39.673 2.476 0.373 1.644 0.608 -23.4 1.649 1.86 0 0 -84.308 40.574 0 1920 29
1924 2M4W 30 4.921 0.15 0.6029 SCORE: -84.076 -34.151 2.465 0.819 3.12 1.124 -22.926 2.443 1.451 0 -4.481 -70.085 36.144 0 1924 30
1925 2M4W 55 5.044 0.1683 0.6176 SCORE: -83.324 -33.364 2.995 0.874 2.591 0.714 -21.27 7.115 2.452 0 -8.527 -74.903 38 0 1925 31
1929 2M4W 26 6.699 0.2553 0.5588 SCORE: -82.45 -35.533 2.98 0.391 3.589 0.594 -24.017 1.291 1.611 -0.314 0 -73.24 40.201 0 1929 40
