1 2NBZ 1 0 1 1 SCORE: -135.753 -114.339 48.994 0.927 3.504 -0.95 -49.958 1.124 2.198 -0.394 -1.912 -194.437 169.491 0 1 1
2 2NBZ 2 0.21 0.987 1 SCORE: -134.433 -115.135 51.525 0.952 3.607 -0.713 -50.125 1.125 2.088 -1.454 -3.195 -194.622 171.515 0 2 2
3 2NBZ 3 0.476 0.9387 1 SCORE: -131.491 -114.127 49.31 0.958 3.507 -0.847 -48.17 1.193 1.937 -0.027 -2.078 -195.817 172.669 0 3 3
5 2NBZ 4 0.686 0.8811 0.9875 SCORE: -138.526 -113.689 45.932 0.945 3.436 -0.901 -48.645 1.139 2.262 -1.028 -2.566 -195.419 170.008 0 5 4
6 2NBZ 6 0.737 0.8662 0.975 SCORE: -135.027 -113.591 46.837 0.982 3.592 -0.802 -49.395 1.111 2.222 -0.673 -1.123 -195.481 171.294 0 6 5
8 2NBZ 371 0.95 0.8152 0.925 SCORE: -113.458 -102.803 21.107 2.376 3.333 0.348 -34.139 2.182 15.604 0 0 -174.011 152.544 0 8 6
9 2NBZ 5 1.131 0.7402 0.9063 SCORE: -134.801 -112.61 42.741 0.984 3.353 -0.724 -47.132 1.042 2.426 -0.25 -0.347 -195.703 171.42 0 9 7
11 2NBZ 7 1.321 0.6912 0.9 SCORE: -135.037 -112.939 44.971 1.058 3.554 -0.797 -47.598 1.062 1.798 -0.876 -0.532 -195.016 170.277 0 11 8
21 2NBZ 397 1.564 0.6595 0.8062 SCORE: -115.019 -103.397 18.603 2.962 3.407 0.746 -33.947 2.294 14.484 0 0 -169.971 149.8 0 21 9
101 2NBZ 459 1.698 0.6298 0.7937 SCORE: -124.674 -102.751 17.944 3.018 3.687 0.721 -34.566 2.237 14.581 0 0 -176.803 147.257 0 101 10
132 2NBZ 508 1.875 0.5654 0.7688 SCORE: -117.554 -105.165 20.612 3.428 3.844 1.154 -33.456 2.304 17.239 0 0 -177.236 149.722 0 132 11
160 2NBZ 658 1.998 0.5311 0.7563 SCORE: -114.624 -103.946 15.811 3.809 4.068 1.185 -37.697 2.265 22.094 0 0 -171.094 148.88 0 160 12
243 2NBZ 657 2.115 0.5294 0.7437 SCORE: -109.404 -102.661 12.347 4.205 4.5 1.061 -38.654 2.256 24.519 0 0 -162.042 145.063 0 243 13
452 2NBZ 603 2.304 0.5027 0.725 SCORE: -107.797 -105.55 17.208 3.746 4.524 0.95 -38.327 2.587 18.305 0 0 -158.936 147.696 0 452 14
598 2NBZ 771 2.473 0.501 0.7312 SCORE: -105.106 -102.271 17.539 4.091 4.805 0.803 -37.686 2.366 25.22 -0.415 0 -165.565 146.007 0 598 15
679 2NBZ 710 2.716 0.4559 0.7063 SCORE: -89.431 -102.666 18.03 4.12 4.118 0.753 -37.082 2.523 19.596 0 0 -150.092 151.269 0 679 16
689 2NBZ 990 2.821 0.4438 0.6875 SCORE: -77.808 -98.091 23.5 3.08 4.592 1.443 -33.715 2.932 32.353 -0.678 -1.149 -155.452 143.376 0 689 17
692 2NBZ 207 3.994 0.4233 0.625 SCORE: -218.566 -88.872 5.989 1.063 3.966 1.365 -54.194 4.062 3.886 -0.035 -4.664 -184.679 93.546 0 692 23
693 2NBZ 164 4.826 0.3987 0.6313 SCORE: -216.71 -98.33 14.427 1.113 3.305 0.708 -54.255 2.046 6.577 0 0 -202.953 110.651 0 693 28
694 2NBZ 166 4.94 0.4147 0.6 SCORE: -221.796 -93.829 7.714 0.927 2.71 0.678 -51.73 3.588 4.559 0 0 -200.309 103.896 0 694 29
695 2NBZ 209 5.108 0.3536 0.5562 SCORE: -225.128 -95.689 7.013 0.898 3.275 0.925 -57.622 2.791 5.168 0 0 -191.034 99.145 0 695 30
697 2NBZ 210 5.292 0.423 0.6 SCORE: -235.29 -96.75 5.217 0.95 3.039 0.479 -53.823 2.818 3.941 -0.228 0 -204.999 104.067 0 697 31
701 2NBZ 202 5.513 0.3871 0.5938 SCORE: -211.571 -87.517 7.415 1.327 4.523 2.727 -52.685 7.41 3.628 0 0 -193.383 94.984 0 701 32
703 2NBZ 248 5.742 0.3936 0.5562 SCORE: -232.438 -97.367 6.64 0.906 3.198 1.488 -56.526 2.639 3.251 -0.518 0 -195.813 99.665 0 703 33
704 2NBZ 326 5.801 0.3532 0.5625 SCORE: -221.609 -98.52 7.821 0.89 3.905 0.713 -56.286 2.55 3.935 -0.259 0 -195.908 109.55 0 704 34
707 2NBZ 83 6.103 0.3719 0.5437 SCORE: -204.674 -93.732 9.49 0.932 4.864 1.976 -51.8 3.659 4.564 -0.317 0 -186.964 102.653 0 707 35
709 2NBZ 322 6.246 0.3329 0.5188 SCORE: -211.597 -95.73 10.339 1.503 7.42 3.321 -59.89 5.178 5.33 0 -2.841 -186.478 100.253 0 709 36
710 2NBZ 169 6.395 0.3505 0.525 SCORE: -231.244 -96.785 7.739 1.164 4.541 1.298 -55.593 4.846 7.152 0 -4.766 -203.41 102.569 0 710 37
713 2NBZ 165 6.62 0.2987 0.4625 SCORE: -218.303 -87.773 6.346 1.022 6.192 2.148 -55.432 4.492 5.952 -0.094 -7.05 -196.564 102.459 0 713 38
715 2NBZ 324 6.728 0.4411 0.5875 SCORE: -217.071 -95.977 9.241 0.869 4.037 0.603 -53.4 2.677 3.551 -0.577 0 -191.463 103.369 0 715 39
