1 2N7X 1 0 1 1 SCORE: -81.404 -54.663 6.562 0.447 0.728 0.559 -31.016 1.45 3.017 -1.621 -2.075 -88.923 84.131 0 1 1
2 2N7X 17 0.576 0.6974 0.9783 SCORE: -74.352 -55.073 7.875 0.45 0.875 0.379 -30.366 1.627 3.028 -1.865 -2.189 -85.893 86.799 0 2 4
4 2N7X 3 0.86 0.5235 0.9565 SCORE: -78.574 -53.409 6.237 0.454 0.774 0.723 -30.09 1.558 2.938 -2.062 0 -88.911 83.214 0 4 5
7 2N7X 12 0.974 0.497 0.9239 SCORE: -78.366 -53.811 6.654 0.45 0.418 0.754 -30.198 1.421 3.311 -1.76 0 -86.922 81.317 0 7 6
10 2N7X 2 1.152 0.4763 0.9239 SCORE: -79.332 -53.749 7.275 0.459 0.674 0.29 -30.257 1.629 3.17 -2.498 -2.152 -87.239 83.066 0 10 7
71 2N7X 13 1.372 0.4631 0.8696 SCORE: -81.412 -53.35 6.403 0.452 0.576 0.548 -30.731 1.313 2.987 -1.017 0 -86.774 78.181 0 71 8
102 2N7X 8 1.522 0.4661 0.8696 SCORE: -71.235 -53.425 6.663 0.445 0.411 0.545 -29.633 1.658 3.435 -1.648 -0.229 -81.378 81.92 0 102 9
106 2N7X 359 1.642 0.2956 0.8261 SCORE: -103.62 -51.076 5.807 0.513 1.556 0.276 -31.288 1.272 2.367 -0.335 0 -90.096 57.385 0 106 10
132 2N7X 482 1.854 0.2766 0.7935 SCORE: -63.23 -51.864 12.532 1.272 2.138 1.577 -24.03 1.719 7.729 -0.55 -2.698 -94.274 83.218 0 132 11
207 2N7X 499 2.034 0.281 0.7717 SCORE: -53.45 -51.387 13.66 1.442 2.276 1.983 -23.297 1.723 9.659 -0.432 -3.474 -91.197 85.593 0 207 12
338 2N7X 552 2.203 0.2107 0.7391 SCORE: -56.678 -51.674 11.785 1.526 3.21 1.41 -25.176 1.695 10.845 -0.504 -4.947 -91.482 86.635 0 338 13
551 2N7X 137 2.376 0.2007 0.7065 SCORE: -114.797 -49.413 4.244 0.943 2.045 0.35 -30.946 2.007 2.086 -0.212 0 -100.313 54.412 0 551 14
673 2N7X 372 2.528 0.1995 0.7174 SCORE: -116.366 -52.891 5.279 0.511 1.586 0.311 -29.628 1.673 2.771 0 0 -99.782 53.804 0 673 15
735 2N7X 138 2.711 0.2463 0.7174 SCORE: -118.548 -58.238 6.942 0.64 2.357 0.953 -31.316 1.323 3.426 0 -4.005 -103.913 63.283 0 735 16
816 2N7X 58 2.917 0.2526 0.7065 SCORE: -124.965 -57.052 5.005 0.516 1.354 0.275 -32.856 0.903 2.895 0 0 -104.539 58.535 0 816 17
861 2N7X 163 3.016 0.1889 0.6522 SCORE: -98.364 -42.561 3.907 0.561 2.888 1.043 -28.772 2.579 2.077 -0.342 0 -89.238 49.494 0 861 18
1010 2N7X 100 3.276 0.202 0.6413 SCORE: -125.305 -57.8 3.537 0.496 1.714 0.505 -32.862 0.736 2.349 -0.349 0 -103.801 60.173 0 1010 19
1153 2N7X 373 3.424 0.2513 0.6957 SCORE: -117.323 -53.421 4.981 1.319 1.511 0.568 -31.469 2.349 2.827 -0.591 -4.72 -95.866 55.187 0 1153 20
1259 2N7X 378 3.584 0.1927 0.6304 SCORE: -133.672 -56.557 3.344 0.51 1.672 0.553 -32.505 1.061 2.613 -0.307 -3.852 -113.738 63.533 0 1259 21
1301 2N7X 140 3.738 0.1884 0.5978 SCORE: -128.802 -58.886 6.71 0.521 2.333 0.191 -33.392 0.975 2.66 0 0 -111.483 61.569 0 1301 22
1317 2N7X 380 3.845 0.197 0.6196 SCORE: -135.145 -54.571 3.11 0.555 1.577 0.406 -31.779 1.324 2.47 -0.469 -4.246 -116.543 63.023 0 1317 23
1328 2N7X 375 4.027 0.208 0.6196 SCORE: -121.095 -53.11 3.365 0.498 1.808 0.428 -32.135 1.114 2.436 0 0 -101.164 55.665 0 1328 24
1342 2N7X 57 4.321 0.2103 0.5978 SCORE: -119.017 -57.201 5.543 0.536 1.68 0.208 -33.028 1.18 2.62 0 0 -99.074 58.518 0 1342 25
1344 2N7X 60 4.362 0.2574 0.6304 SCORE: -128.73 -55.507 4.672 0.597 1.299 0.487 -30.14 1.183 2.845 -0.288 0 -114.034 60.156 0 1344 26
1358 2N7X 260 4.679 0.2017 0.5978 SCORE: -127.02 -56.063 3.727 0.49 2.184 -0.113 -31.563 0.881 1.65 -0.15 0 -104.187 56.123 0 1358 27
1366 2N7X 178 4.845 0.1908 0.6087 SCORE: -116.483 -52.735 4.548 0.522 2.616 0.465 -32.941 3.056 2.02 0 0 -101.767 57.733 0 1366 28
1369 2N7X 369 4.896 0.2017 0.587 SCORE: -115.411 -51.193 4.56 0.865 2.211 0.444 -31.975 1.538 1.983 -0.223 0 -101.784 58.163 0 1369 29
1383 2N7X 98 5.204 0.1986 0.587 SCORE: -114.819 -51.476 3.537 0.5 2.561 0.373 -30.318 1.187 1.738 0 -4.278 -90.663 52.019 0 1383 30
1386 2N7X 209 5.35 0.2026 0.5652 SCORE: -102.807 -48.816 5.202 0.514 2.84 1.165 -29.106 2.001 4.33 0 0 -92.124 51.186 0 1386 31
1396 2N7X 179 5.551 0.2154 0.587 SCORE: -117.313 -56.16 5.689 0.498 3.236 0.586 -34.485 1.081 3.104 0 0 -98.16 57.298 0 1396 32
