1 2Y95 1 0 1 1 SCORE: -69.856 -30.888 2.39 0.303 2.198 0.094 -19.2 0.95 3.071 0 0 -70.707 41.935 0 1 1
2 2Y95 10 0.411 0.6555 1 SCORE: -68.169 -30.228 2.389 0.3 2.185 -0.035 -18.758 0.993 3.12 0 0 -71.163 43.028 0 2 3
6 2Y95 6 0.631 0.6024 0.9821 SCORE: -69.658 -31.589 2.588 0.305 1.901 0.043 -19.726 0.852 2.997 0 0 -70.635 43.607 0 6 4
9 2Y95 4 0.786 0.5276 0.9464 SCORE: -69.919 -31.87 2.892 0.305 2.063 0.075 -19 1.039 3.065 0 0 -71.654 43.166 0 9 5
10 2Y95 877 0.861 0.4117 0.9286 SCORE: -18.376 -32.241 4.223 1.219 3.542 1.009 -13.281 3.947 14.408 0 0 -49.436 48.234 0 10 6
17 2Y95 5 1.025 0.527 0.9286 SCORE: -69.987 -32.578 2.848 0.312 1.953 -0.009 -19.697 1.059 2.882 0 0 -70.918 44.162 0 17 7
129 2Y95 291 1.24 0.3806 0.9107 SCORE: -56.859 -33.196 3.587 1.12 2.072 0.854 -13.259 0.875 5.616 0 0 -69.435 44.906 0 129 8
561 2Y95 354 1.4 0.3309 0.9107 SCORE: -57.303 -33.949 3.114 1.1 2.489 0.685 -13.838 0.68 5.126 0 0 -68.306 45.595 0 561 9
1031 2Y95 155 1.562 0.2988 0.8571 SCORE: -86.079 -32.438 3.6 0.336 0.818 0.187 -17.74 0.911 2.077 0 0 -84.371 40.542 0 1031 10
1218 2Y95 288 1.649 0.3496 0.8393 SCORE: -89.967 -35 4.078 0.304 1.12 0.375 -19.146 0.727 1.335 0 0 -80.687 36.927 0 1218 11
1735 2Y95 168 1.923 0.3196 0.8571 SCORE: -89.583 -34.031 2.202 0.299 0.879 0.083 -19.162 0.545 1.765 0 0 -81.47 39.306 0 1735 12
1947 2Y95 290 2.129 0.3194 0.7857 SCORE: -93.45 -35.184 3.227 0.325 1.158 0.353 -19.478 0.711 1.149 0 0 -85.636 39.925 0 1947 13
1987 2Y95 286 2.19 0.2721 0.8036 SCORE: -88.415 -36.209 4.771 0.327 1.139 0.083 -20.693 0.548 1.129 0 0 -77.85 38.341 0 1987 14
2092 2Y95 289 2.411 0.2927 0.7857 SCORE: -93.011 -34.251 3.308 0.32 0.878 0.307 -19.929 0.637 1.352 0 0 -86.965 41.33 0 2092 15
2113 2Y95 209 2.47 0.2198 0.7857 SCORE: -89.51 -34.552 5.296 0.321 1.07 0.346 -19.527 0.591 1.732 0 0 -84.909 40.123 0 2113 16
2148 2Y95 90 2.705 0.3119 0.7321 SCORE: -92.043 -35.957 2.09 0.311 1.51 0.4 -20.112 0.484 1.37 0 0 -80.735 38.597 0 2148 17
2159 2Y95 160 2.836 0.289 0.7143 SCORE: -86.713 -31.021 2.658 0.311 1.359 0.218 -17.51 1.188 1.013 0 0 -80.078 35.15 0 2159 18
2170 2Y95 205 2.976 0.2311 0.6964 SCORE: -87.306 -29.736 3.108 0.319 1.744 0.444 -15.533 2.211 1.592 -0.011 -4.123 -86.529 39.207 0 2170 19
2185 2Y95 130 3.203 0.2865 0.7143 SCORE: -87.515 -33.446 1.615 0.322 1.567 0.616 -19.706 0.934 1.197 0 0 -75.556 34.943 0 2185 20
2197 2Y95 89 3.342 0.2781 0.7143 SCORE: -86.383 -33.56 3.147 0.302 1.043 0.17 -18.61 0.643 1.283 0 0 -77.915 37.112 0 2197 21
2215 2Y95 202 3.542 0.2447 0.6786 SCORE: -85.908 -34.561 5.322 0.415 2.078 0.707 -19.592 1.162 1.775 0 -4.423 -80.001 41.209 0 2215 22
2218 2Y95 281 3.607 0.289 0.7143 SCORE: -84.822 -31.964 2.225 0.295 1.668 0.655 -17.46 0.66 0.95 -0.234 0 -78.784 37.165 0 2218 23
2239 2Y95 166 3.867 0.2264 0.6786 SCORE: -88.563 -31.56 2.801 0.394 1.206 0.495 -20.322 1.86 1.731 0 0 -81.957 36.789 0 2239 24
2243 2Y95 128 3.948 0.2831 0.6964 SCORE: -86.697 -30.485 1.793 0.303 1.376 0.477 -18.668 0.619 1.323 0 0 -80.349 36.914 0 2243 25
2256 2Y95 123 4.239 0.3052 0.6607 SCORE: -82.746 -32.186 1.913 0.309 2.022 0.369 -19.094 0.422 1.11 0 0 -75.421 37.809 0 2256 26
2258 2Y95 219 4.271 0.1795 0.6607 SCORE: -74.533 -27.738 4.162 0.411 1.622 1.03 -14.258 4.437 3.721 0 0 -87.955 40.036 0 2258 27
2263 2Y95 262 4.533 0.2169 0.6071 SCORE: -77.362 -24.948 2.246 0.476 1.674 0.582 -15.708 1.626 3.949 -0.295 -4.782 -79.648 37.465 0 2263 28
2265 2Y95 174 4.612 0.1239 0.5536 SCORE: -70.089 -28.33 6.178 0.457 1.477 0.863 -16.997 1.915 2.342 -0.348 0 -75.229 37.582 0 2265 29
2270 2Y95 109 4.798 0.2528 0.6429 SCORE: -79.849 -28.134 2.012 0.371 1.662 0.558 -18.182 1.51 1.23 0 0 -75.479 34.603 0 2270 30
2273 2Y95 56 4.946 0.234 0.6607 SCORE: -63.655 -35.268 6.186 4.152 3.605 1.442 -17.76 1.656 7.81 0 -2.469 -81.158 48.148 0 2273 31
