42 40 79 60 89 149 163 46 72 207 67 109 164 48 106 75 184 21 236 91 61 39 48 63 341
144 142 181 162 13 47 61 149 30 309 170 7 266 55 4 177 82 81 339 11 163 63 55 39 239
132 134 95 114 263 323 337 128 246 33 107 283 10 222 280 99 358 195 62 265 113 213 222 237 515
119 117 156 137 12 72 86 124 5 284 144 32 241 30 29 152 107 56 313 14 138 38 29 14 264
104 102 141 122 27 87 101 108 11 268 129 47 226 14 44 137 123 41 298 30 123 23 14 2 280
116 118 79 98 247 307 321 112 230 49 91 267 6 206 264 83 342 179 78 249 97 197 206 221 499
180 178 217 198 49 11 25 184 66 345 205 29 302 91 32 213 46 117 374 47 199 99 90 75 203
68 70 31 50 199 259 273 63 182 97 42 218 55 157 216 34 294 131 127 201 48 149 157 173 451
36 38 1 18 167 227 241 31 150 129 10 187 86 125 184 3 262 99 159 169 17 117 125 141 419
29 27 66 47 102 162 176 34 85 194 55 121 152 60 119 63 197 34 224 104 49 52 60 76 354
53 51 90 71 78 138 152 57 62 218 78 98 175 37 95 86 174 10 247 81 72 28 37 53 330
200 197 236 218 68 8 6 204 85 364 225 49 322 110 51 233 27 137 394 66 219 119 110 94 184
85 83 122 103 46 106 120 89 29 250 110 66 207 4 63 118 141 22 279 48 104 4 5 20 298
175 173 212 193 44 16 30 180 61 340 200 24 297 86 27 208 51 112 370 42 194 94 85 70 208
79 81 42 61 210 270 284 75 194 86 54 230 43 169 227 46 306 142 115 213 60 160 169 185 462
68 71 32 50 200 260 274 64 183 96 43 219 54 158 217 35 295 132 126 202 49 149 158 174 452
17 15 54 35 114 174 188 21 97 182 42 134 139 73 131 50 209 46 211 116 36 64 73 88 366
74 72 111 93 57 117 131 79 40 239 100 76 197 15 74 108 152 11 269 59 94 6 15 31 309
7 10 29 11 139 199 213 3 122 157 18 158 115 97 156 26 234 71 187 141 12 88 97 113 391
81 79 118 99 50 110 124 85 34 246 106 70 203 9 67 114 146 18 275 53 100 0 9 25 302
61 59 98 79 70 130 144 65 54 225 86 90 183 29 87 94 166 2 255 73 80 20 29 45 322
10 12 27 8 141 201 215 6 125 155 15 161 112 100 158 23 237 73 184 144 9 91 100 116 393
58 56 95 76 73 133 147 62 56 223 83 93 180 32 90 91 168 5 252 75 77 23 32 47 325
179 181 142 161 310 370 384 174 293 14 153 329 56 268 327 145 405 242 16 312 160 260 268 284 562
93 95 56 75 224 284 298 89 208 71 68 244 29 183 241 60 320 156 101 227 74 174 183 199 476
