   score     fa_atr     fa_rep    fa_intra_rep    lk_nonpolar    fa_elec_rna_phos_phos    ch_bond    rna_torsion    rna_sugar_close    hbond_sr_bb_sc    hbond_lr_bb_sc    hbond_sc    geom_sol    atom_pair_constraint    linear_chainbreak       conformation id
 -92.773    -35.320      2.433           0.419          3.291                    0.481    -21.117          2.118              1.377            -0.411            -4.830     -80.595      39.381                   0.000                0.000 10 1KKA
 -99.678    -34.771      4.124           0.519          2.069                    0.548    -21.795          2.310              2.250             0.000            -4.933     -90.977      40.978                   0.000                0.000 11 1KKA
-102.895    -40.985      4.781           0.424          1.757                    0.645    -24.371          1.374              1.739             0.000             0.000     -89.566      41.308                   0.000                0.000 12 1KKA
-101.824    -40.642      5.100           0.439          1.435                    0.373    -23.147          4.255              2.318             0.000             0.000     -95.347      43.390                   0.000                0.000 13 1KKA
-104.578    -44.068      3.124           0.379          1.546                    0.676    -23.667          1.110              1.912            -0.175            -3.743     -89.670      47.997                   0.000                0.000 14 1KKA
-101.842    -41.031      2.963           0.534          1.284                    0.038    -21.098          1.760              1.580             0.000             0.000     -89.494      41.621                   0.000                0.000 15 1KKA
-107.041    -44.767      3.889           0.368          1.846                    0.153    -24.084          2.595              1.252            -0.296            -3.662     -89.781      45.446                   0.000                0.000 16 1KKA
-112.539    -43.891      2.706           0.370          1.272                    0.089    -24.862          0.718              1.689            -0.247             0.000     -98.800      48.417                   0.000                0.000 17 1KKA
-113.601    -43.362      2.406           0.373          0.893                    0.519    -23.138          0.774              1.174             0.000             0.000     -98.976      45.736                   0.000                0.000 18 1KKA
-113.836    -44.312      3.406           0.378          0.840                    0.384    -24.737          1.071              1.413             0.000             0.000     -99.491      47.211                   0.000                0.000 19 1KKA
 -95.542    -39.171      3.836           0.394          0.522                    0.311    -22.208          2.587              4.488            -1.394            -2.552     -89.000      46.644                   0.000                0.000 1 1KKA
-114.370    -42.751      2.632           0.373          1.143                    0.399    -23.997          0.844              1.175             0.000             0.000    -102.740      48.552                   0.000                0.000 20 1KKA
-114.481    -42.034      2.649           0.378          0.924                    0.601    -24.611          1.270              2.317             0.000             0.000    -102.506      46.531                   0.000                0.000 21 1KKA
-113.414    -43.082      2.386           0.380          0.839                    0.460    -24.396          1.482              2.084             0.000             0.000     -99.732      46.163                   0.000                0.000 22 1KKA
-111.611    -44.780      3.346           0.403          1.833                    0.438    -25.322          1.216              1.387            -0.449            -3.369     -92.585      46.271                   0.000                0.000 23 1KKA
-111.347    -44.296      3.361           0.378          1.863                    0.111    -24.243          1.076              1.496             0.000            -3.196     -95.036      47.137                   0.000                0.000 24 1KKA
-114.416    -45.870      3.243           0.387          2.237                    0.435    -26.748          1.084              2.083             0.000            -2.268     -93.347      44.348                   0.000                0.000 25 1KKA
-109.060    -44.840      3.655           0.376          2.606                    0.475    -25.280          0.861              1.581             0.000            -3.260     -89.813      44.579                   0.000                0.000 26 1KKA
-115.823    -43.150      2.722           0.382          2.217                    0.983    -25.174          1.084              0.954             0.000             0.000    -102.976      47.137                   0.000                0.000 27 1KKA
-102.239    -39.142      2.693           0.391          2.641                    0.691    -26.335          1.614              1.240             0.000            -4.172     -80.370      38.510                   0.000                0.000 28 1KKA
-109.689    -44.135      3.174           0.390          1.415                    0.033    -25.525          1.244              1.295             0.000             0.000     -90.835      43.253                   0.000                0.000 29 1KKA
 -89.758    -38.761      5.664           0.387          0.499                    0.201    -22.092          4.344              4.496            -1.124             0.000     -85.242      41.871                   0.000                0.000 2 1KKA
-106.031    -40.818      2.617           0.374          1.475                    0.230    -24.382          1.546              1.775             0.000             0.000     -92.673      43.827                   0.000                0.000 30 1KKA
-110.760    -41.938      2.730           0.512          0.798                    0.427    -18.032          2.191              1.780            -0.266            -3.990     -98.192      43.221                   0.000                0.000 3 1KKA
 -73.572    -35.862      2.562           1.021          1.679                    0.305    -22.353          3.033              5.026            -1.202             0.000     -61.361      33.580                   0.000                0.000 4 1KKA
 -73.004    -32.467      2.377           0.801          1.541                    0.296    -20.378          2.667              3.853            -0.732             0.000     -66.289      35.330                   0.000                0.000 5 1KKA
-107.609    -38.718      2.635           0.642          0.830                    0.231    -19.058          1.989              2.078            -0.820            -4.368     -97.367      44.316                   0.000                0.000 6 1KKA
-104.649    -40.506      3.364           0.667          0.957                    0.452    -16.372          1.956              1.594            -0.785            -4.696     -96.821      45.540                   0.000                0.000 7 1KKA
-104.709    -38.247      3.195           0.443          1.927                    1.429    -23.436          2.181              2.580            -0.398            -3.624     -97.742      46.984                   0.000                0.000 8 1KKA
 -98.400    -39.465      4.358           0.362          1.260                    0.440    -24.291          1.154              1.237            -0.282            -5.031     -84.592      46.450                   0.000                0.000 9 1KKA
