   score     fa_atr     fa_rep    fa_intra_rep    lk_nonpolar    fa_elec_rna_phos_phos    ch_bond    rna_torsion    rna_sugar_close    hbond_sr_bb_sc    hbond_lr_bb_sc    hbond_sc    geom_sol    atom_pair_constraint    linear_chainbreak       conformation id
-180.226    -75.168      5.576           0.750          2.872                    0.875    -41.138          2.518              2.823            -0.798             0.000    -150.877      72.341                   0.000                0.000 10 1L1W
-180.674    -75.908      6.535           0.657          2.720                    0.520    -40.068          2.172              3.277             0.000             0.000    -154.915      74.336                   0.000                0.000 11 1L1W
-183.804    -78.570      5.498           0.650          1.503                    1.031    -42.772          2.516              2.618            -0.395             0.000    -149.932      74.048                   0.000                0.000 12 1L1W
-179.362    -68.863      5.284           1.085          3.454                    0.928    -39.811          3.843              3.060             0.000             0.000    -160.036      71.693                   0.000                0.000 13 1L1W
-171.917    -69.965      7.296           0.751          2.994                    1.057    -39.880          2.691              3.041            -0.219             0.000    -149.835      70.151                   0.000                0.000 14 1L1W
-185.027    -74.136      5.324           0.674          1.268                    0.334    -40.358          3.087              2.985            -0.609             0.000    -155.986      72.389                   0.000                0.000 15 1L1W
-178.427    -75.391      5.811           0.635          2.492                    1.215    -41.273          2.739              3.379            -0.271            -4.583    -150.447      77.268                   0.000                0.000 16 1L1W
-173.476    -70.382      5.528           0.882          3.327                    0.791    -39.567          2.639              3.370            -0.714             0.000    -148.726      69.376                   0.000                0.000 17 1L1W
-184.223    -72.756      7.315           0.734          2.292                    0.989    -38.437          2.998              3.163            -0.322             0.000    -167.733      77.533                   0.000                0.000 18 1L1W
-169.957    -69.035      5.847           0.993          4.118                    0.449    -40.369          3.124              2.615            -0.212             0.000    -153.679      76.193                   0.000                0.000 19 1L1W
-189.038    -78.228      5.309           0.550          1.019                    0.503    -40.225          2.561              2.703            -0.764             0.000    -160.549      78.082                   0.000                0.000 1 1L1W
-183.514    -77.961      5.924           0.626          3.376                    0.003    -41.258          1.858              4.127            -0.953             0.000    -160.113      80.856                   0.000                0.000 20 1L1W
-169.363    -61.158      5.028           1.178          3.952                    1.284    -42.245          3.933              3.430             0.000             0.000    -155.990      71.224                   0.000                0.000 21 1L1W
-165.659    -72.446      6.998           0.665          3.416                    0.826    -37.748          2.843              3.711            -0.335            -4.903    -142.532      73.847                   0.000                0.000 22 1L1W
-180.703    -69.463      6.009           0.715          3.082                    1.659    -41.653          3.875              4.134            -0.087           -11.381    -156.694      79.101                   0.000                0.000 23 1L1W
-172.764    -69.519      5.325           0.789          3.168                    1.421    -43.183          2.657              2.391            -0.158             0.000    -147.645      71.989                   0.000                0.000 24 1L1W
-157.285    -65.279      8.157           0.830          5.221                    1.478    -39.864          3.145              2.425             0.000             0.000    -142.074      68.676                   0.000                0.000 25 1L1W
-168.519    -69.886      5.256           0.652          2.878                    0.928    -38.241          2.474              2.796            -0.447             0.000    -145.163      70.234                   0.000                0.000 26 1L1W
-174.877    -72.453      8.791           0.644          3.499                    0.236    -43.029          1.984              2.957             0.000             0.000    -160.681      83.175                   0.000                0.000 27 1L1W
-175.577    -70.047      6.210           0.797          3.553                    1.109    -40.010          3.955              3.196             0.000            -4.211    -154.070      73.940                   0.000                0.000 28 1L1W
-154.385    -70.611     14.423           0.783          3.046                    1.516    -37.230          5.233              5.799             0.000           -18.155    -146.273      87.084                   0.000                0.000 29 1L1W
-181.116    -78.839      6.171           2.315          1.652                    1.248    -33.874          3.622              2.837            -3.271             0.000    -161.672      78.695                   0.000                0.000 2 1L1W
-156.253    -80.128      7.977           0.635          3.751                    0.449    -39.443          1.966              3.171             0.000            -3.182    -117.990      66.540                   0.000                0.000 30 1L1W
-179.598    -79.123      6.452           1.597          2.513                    0.637    -34.988          3.224              2.918            -1.789             0.000    -159.749      78.710                   0.000                0.000 3 1L1W
-173.493    -75.910      7.067           0.621          2.703                    0.485    -42.192          1.262              2.422            -0.673             0.000    -146.019      76.741                   0.000                0.000 4 1L1W
-191.533    -81.102      5.773           0.651          2.795                    0.372    -42.165          1.399              3.145             0.000            -4.031    -155.582      77.213                   0.000                0.000 5 1L1W
-184.429    -79.241      5.057           0.641          1.851                    1.164    -42.256          1.567              2.411            -0.819             0.000    -150.818      76.015                   0.000                0.000 6 1L1W
-181.634    -74.511      6.523           0.719          3.043                    0.497    -42.023          2.062              2.294             0.000            -8.018    -150.198      77.978                   0.000                0.000 7 1L1W
-189.224    -77.894      6.027           0.690          1.418                    0.710    -42.533          2.368              2.736             0.000             0.000    -155.742      72.997                   0.000                0.000 8 1L1W
-187.359    -77.947      5.583           0.670          2.025                    0.656    -41.763          1.777              2.072             0.000             0.000    -153.767      73.336                   0.000                0.000 9 1L1W
