   score     fa_atr     fa_rep    fa_intra_rep    lk_nonpolar    fa_elec_rna_phos_phos    ch_bond    rna_torsion    rna_sugar_close    hbond_sr_bb_sc    hbond_lr_bb_sc    hbond_sc    geom_sol    atom_pair_constraint    linear_chainbreak       conformation id
-120.052    -54.098      3.363           1.321          3.586                    0.381    -30.450          2.264              4.101            -1.750             0.000    -105.778      57.007                   0.000                0.000 10 1LC6
-117.861    -57.104      5.946           0.977          2.322                    0.331    -26.516          3.087              3.983            -0.614            -3.351    -110.437      63.515                   0.000                0.000 11 1LC6
-124.557    -56.195      3.862           1.077          2.574                   -0.349    -28.993          2.556              3.543            -0.984            -6.924    -102.334      57.609                   0.000                0.000 12 1LC6
-114.658    -51.767      4.082           0.612          2.140                    0.574    -34.751          3.290              2.833            -0.603             0.000     -94.512      53.444                   0.000                0.000 13 1LC6
-131.324    -55.812      4.103           1.241          2.386                    0.069    -29.733          3.184              3.463            -1.512            -4.085    -112.915      58.285                   0.000                0.000 14 1LC6
-121.430    -52.706      4.027           0.618          3.403                    0.969    -35.944          3.671              1.711             0.000             0.000     -95.436      48.258                   0.000                0.000 15 1LC6
-129.412    -47.358      6.754           0.756          2.861                    0.898    -30.200          3.316              2.368             0.000             0.000    -122.872      54.065                   0.000                0.000 16 1LC6
-146.019    -53.082      4.116           0.557          2.329                    0.800    -34.494          1.936              2.423            -0.303            -4.080    -132.809      66.587                   0.000                0.000 17 1LC6
-127.256    -54.294      5.470           0.695          2.978                    0.784    -33.503          3.577              3.039             0.000             0.000    -110.867      54.864                   0.000                0.000 18 1LC6
-125.365    -55.284      5.201           0.520          2.415                   -0.103    -30.127          1.736              2.079            -0.612             0.000    -110.585      59.393                   0.000                0.000 19 1LC6
-140.088    -58.447      5.268           0.683          2.244                    0.518    -36.021          4.267              2.604            -0.364             0.000    -114.263      53.423                   0.000                0.000 1 1LC6
-140.201    -55.758      5.468           0.702          3.323                    1.440    -34.203          3.155              4.163             0.000             0.000    -130.598      62.107                   0.000                0.000 20 1LC6
-136.502    -55.688      6.392           0.807          2.589                    0.606    -33.606          2.240              1.888            -0.308            -5.021    -119.320      62.920                   0.000                0.000 21 1LC6
-146.506    -59.210      4.286           0.573          1.958                    1.184    -34.368          2.402              2.119             0.000             0.000    -123.676      58.225                   0.000                0.000 22 1LC6
-146.823    -56.775      3.941           0.813          1.429                    1.117    -34.025          1.850              1.515             0.000             0.000    -124.648      57.960                   0.000                0.000 23 1LC6
-148.372    -59.670      3.978           0.532          3.023                    0.880    -33.772          1.306              1.498             0.000            -3.746    -123.943      61.543                   0.000                0.000 24 1LC6
-122.136    -51.557      4.501           0.806          3.712                    1.062    -33.660          2.759              2.279            -0.223             0.000    -106.496      54.680                   0.000                0.000 25 1LC6
-137.110    -58.435      8.443           1.432          4.423                    1.091    -35.516          2.928              2.669            -0.440            -3.171    -120.895      60.362                   0.000                0.000 26 1LC6
-142.787    -56.340      4.052           0.649          2.671                    1.352    -33.631          2.944              2.239            -0.161            -4.745    -119.962      58.145                   0.000                0.000 27 1LC6
-138.617    -58.060      6.953           0.811          3.571                    0.193    -33.962          2.680              4.025             0.000            -4.835    -116.807      56.813                   0.000                0.000 28 1LC6
-138.320    -59.292      5.548           0.564          3.046                    0.363    -36.870          1.685              2.195             0.000             0.000    -116.696      61.136                   0.000                0.000 29 1LC6
-141.362    -56.682      4.801           0.636          2.698                    1.099    -35.106          3.909              2.086            -0.790             0.000    -119.752      55.739                   0.000                0.000 2 1LC6
-132.746    -59.309      5.043           0.520          2.519                    0.574    -36.681          1.348              1.985             0.000             0.000    -105.878      57.134                   0.000                0.000 30 1LC6
-129.865    -54.152      5.937           0.786          2.656                    0.951    -35.496          3.254              2.241            -0.741             0.000    -117.833      62.532                   0.000                0.000 3 1LC6
-146.289    -56.412      4.277           0.675          2.632                    0.479    -35.444          3.535              1.996             0.000            -4.353    -119.844      56.169                   0.000                0.000 4 1LC6
-140.703    -57.998      5.290           0.970          2.772                    1.428    -34.770          3.873              2.282            -0.368             0.000    -122.872      58.690                   0.000                0.000 5 1LC6
-140.295    -57.006      3.746           1.092          2.685                    0.921    -30.095          2.844              2.116            -1.125            -1.984    -122.342      58.853                   0.000                0.000 6 1LC6
-125.047    -56.614      3.876           1.142          3.010                    0.462    -28.804          2.863              3.199            -1.042            -2.117    -106.788      55.767                   0.000                0.000 7 1LC6
-125.890    -56.972      3.428           1.338          2.958                    0.646    -29.386          2.617              2.546            -1.946            -0.764    -106.251      55.896                   0.000                0.000 8 1LC6
-130.812    -59.539      3.848           1.540          3.174                    0.256    -29.763          2.677              1.354            -1.766            -3.237    -111.086      61.729                   0.000                0.000 9 1LC6
