   score     fa_atr     fa_rep    fa_intra_rep    lk_nonpolar    fa_elec_rna_phos_phos    ch_bond    rna_torsion    rna_sugar_close    hbond_sr_bb_sc    hbond_lr_bb_sc    hbond_sc    geom_sol    atom_pair_constraint    linear_chainbreak       conformation id
-148.141    -75.332      5.278           1.436          5.811                    1.681    -41.726          4.452              8.719            -1.000            -3.654    -123.568      69.762                   0.000                0.000 10 1LDZ
-170.640    -71.798      5.941           1.486          4.760                    1.239    -41.480          3.717              4.003            -1.787            -3.908    -143.918      71.106                   0.000                0.000 11 1LDZ
-146.426    -73.597      6.231           1.512          5.131                    0.643    -41.408          4.451              8.045            -2.433            -4.377    -114.990      64.367                   0.000                0.000 12 1LDZ
-189.807    -81.374      5.923           0.679          2.827                    1.281    -42.456          1.802              3.600            -1.128            -3.717    -157.575      80.332                   0.000                0.000 13 1LDZ
-200.317    -77.603      6.750           1.047          1.700                    0.921    -43.719          4.764              2.214            -1.007             0.000    -173.218      77.833                   0.000                0.000 14 1LDZ
-158.332    -68.460      4.939           0.710          3.645                    1.286    -43.721          3.355              3.237             0.000             0.000    -134.599      71.277                   0.000                0.000 15 1LDZ
-172.708    -73.328      6.850           0.672          3.166                   -0.005    -42.048          1.780              2.897             0.000             0.000    -156.160      83.468                   0.000                0.000 16 1LDZ
-168.750    -67.736      5.944           0.838          3.852                    0.329    -38.496          5.961              2.706            -0.308            -6.737    -152.629      77.526                   0.000                0.000 17 1LDZ
-188.685    -71.027      7.972           0.777          3.691                    0.587    -41.964          2.955              1.558             0.000             0.000    -171.344      78.109                   0.000                0.000 18 1LDZ
-180.126    -73.977      5.618           0.714          2.870                    0.555    -40.698          1.742              2.459            -0.759             0.000    -155.555      76.905                   0.000                0.000 19 1LDZ
-184.642    -73.085      6.105           0.702          2.354                    0.469    -41.048          3.761              3.924            -1.214            -4.083    -160.147      77.620                   0.000                0.000 1 1LDZ
-184.052    -80.344      5.336           0.713          3.591                    1.681    -44.933          1.774              3.394            -0.399            -6.395    -145.265      76.795                   0.000                0.000 20 1LDZ
-196.588    -77.542      4.325           0.689          3.035                    0.655    -41.323          2.385              2.761             0.000            -8.615    -159.880      76.923                   0.000                0.000 21 1LDZ
-195.207    -81.333      5.603           0.671          2.704                    0.503    -42.861          1.634              2.530            -0.379            -2.927    -158.646      77.293                   0.000                0.000 22 1LDZ
-183.946    -72.936      5.379           0.758          2.624                    1.376    -44.256          3.154              2.858             0.000             0.000    -159.249      76.345                   0.000                0.000 23 1LDZ
-174.391    -76.430      4.723           0.661          2.598                    0.457    -41.434          1.997              4.062             0.000            -4.549    -140.367      73.890                   0.000                0.000 24 1LDZ
-186.305    -83.297      9.436           0.694          3.155                    0.893    -46.208          1.819              3.405            -0.382            -4.231    -149.860      78.270                   0.000                0.000 25 1LDZ
-197.542    -71.313      5.833           0.842          3.116                    0.395    -45.078          2.347              2.634             0.000            -9.312    -163.848      76.843                   0.000                0.000 26 1LDZ
-191.358    -79.296      5.413           0.666          2.859                    0.678    -43.607          1.497              2.235            -0.359             0.000    -161.678      80.234                   0.000                0.000 27 1LDZ
-169.687    -74.460      5.751           0.649          3.906                    0.747    -39.285          1.191              3.154            -0.152             0.000    -155.801      84.612                   0.000                0.000 28 1LDZ
-189.667    -81.578      5.577           0.667          2.923                    0.779    -45.047          1.700              3.440             0.000             0.000    -154.336      76.208                   0.000                0.000 29 1LDZ
-177.848    -74.403      5.481           1.580          2.578                    0.841    -33.593          3.630              3.045            -1.519            -4.856    -150.487      69.855                   0.000                0.000 2 1LDZ
-185.757    -72.220      5.101           0.765          1.911                    0.986    -40.711          2.629              4.525             0.000            -4.570    -160.651      76.478                   0.000                0.000 30 1LDZ
-184.251    -77.095      6.202           1.836          2.733                    1.188    -35.019          3.360              2.274            -1.894            -4.779    -156.399      73.343                   0.000                0.000 3 1LDZ
-177.195    -75.793      5.389           1.712          2.526                    0.998    -33.477          3.822              1.920            -1.509            -3.513    -149.068      69.798                   0.000                0.000 4 1LDZ
-185.066    -77.244      5.714           1.595          2.943                   -0.150    -37.031          3.475              2.858            -1.494            -4.681    -152.394      71.343                   0.000                0.000 5 1LDZ
-174.054    -76.329      5.209           1.245          4.020                    0.537    -36.974          3.216              3.254            -1.477            -5.224    -141.300      69.768                   0.000                0.000 6 1LDZ
-168.950    -75.772      6.305           2.011          5.300                   -0.086    -37.157          3.459              3.626            -1.358            -9.533    -141.134      75.389                   0.000                0.000 7 1LDZ
-176.989    -76.135      6.244           1.469          3.298                    1.697    -37.072          3.797              6.083            -1.137            -9.867    -148.559      73.194                   0.000                0.000 8 1LDZ
-151.799    -73.997      5.413           1.391          4.960                    0.557    -39.123          3.997              7.592            -0.960            -5.177    -123.392      66.939                   0.000                0.000 9 1LDZ
