   score     fa_atr     fa_rep    fa_intra_rep    lk_nonpolar    fa_elec_rna_phos_phos    ch_bond    rna_torsion    rna_sugar_close    hbond_sr_bb_sc    hbond_lr_bb_sc    hbond_sc    geom_sol    atom_pair_constraint    linear_chainbreak       conformation id
-137.734    -58.028      7.278           0.661          1.899                    0.909    -34.014          3.547              2.789            -0.599             0.000    -120.837      58.663                   0.000                0.000 10 1NC0
-155.108    -60.787      4.298           1.175          2.635                    0.919    -28.105          2.464              3.102            -0.758            -3.507    -140.125      63.580                   0.000                0.000 11 1NC0
-149.382    -60.881      4.162           1.346          2.655                    0.851    -29.343          2.943              3.311            -1.461            -4.190    -132.895      64.120                   0.000                0.000 12 1NC0
-139.205    -57.068      4.800           1.487          2.528                    0.859    -27.890          6.302              4.400            -1.993            -7.793    -127.509      62.673                   0.000                0.000 13 1NC0
-149.031    -52.600      5.376           0.598          2.673                    1.035    -30.341          2.437              2.802            -0.836             0.000    -145.780      65.605                   0.000                0.000 14 1NC0
-117.198    -57.408      6.549           0.911          2.986                    0.916    -27.354          3.437              5.526            -0.675           -10.291     -99.886      58.092                   0.000                0.000 15 1NC0
-152.463    -59.678      3.876           0.612          2.028                    0.661    -34.622          2.273              1.703             0.000             0.000    -132.809      63.493                   0.000                0.000 16 1NC0
-110.212    -54.488      4.489           1.320          2.656                    0.701    -30.901          3.382              5.285            -1.616             0.000     -90.243      49.202                   0.000                0.000 17 1NC0
-106.388    -55.459      6.127           1.414          3.361                    0.419    -28.205          3.121              4.275            -2.092            -3.743     -88.439      52.833                   0.000                0.000 18 1NC0
-139.022    -55.869      6.388           0.530          3.316                    0.102    -34.907          1.364              2.695            -0.496            -4.626    -120.832      63.315                   0.000                0.000 19 1NC0
-142.557    -56.453      5.862           0.906          2.097                    1.070    -33.936          4.051              2.790            -2.373             0.000    -128.535      61.964                   0.000                0.000 1 1NC0
-140.113    -57.723      4.424           0.575          2.063                    0.268    -34.506          2.360              1.557            -0.370             0.000    -115.309      56.548                   0.000                0.000 20 1NC0
-156.412    -59.268      5.645           0.554          2.328                    1.154    -36.399          2.560              1.564            -0.090             0.000    -135.292      60.833                   0.000                0.000 21 1NC0
-122.547    -54.618      5.194           0.604          4.350                    0.795    -36.797          3.427              1.932             0.000             0.000    -103.523      56.090                   0.000                0.000 22 1NC0
-134.790    -56.720      3.920           0.630          2.222                    0.184    -33.543          2.451              2.474            -0.340             0.000    -115.043      58.975                   0.000                0.000 23 1NC0
-123.314    -56.779      6.491           0.529          2.016                    0.015    -32.253          1.177              2.932             0.000             0.000    -110.495      63.052                   0.000                0.000 24 1NC0
-143.383    -57.413      4.104           0.581          2.230                    0.958    -35.520          2.359              2.343            -0.366            -4.868    -115.175      57.383                   0.000                0.000 25 1NC0
-144.766    -58.498      3.719           0.548          2.396                    0.466    -35.861          2.395              3.098            -0.426             0.000    -120.852      58.250                   0.000                0.000 26 1NC0
-144.057    -56.489      4.065           0.534          2.620                    0.447    -33.425          1.723              2.178            -0.144             0.000    -125.478      59.911                   0.000                0.000 27 1NC0
-144.542    -51.609      2.868           0.679          3.121                    0.748    -34.466          2.199              2.306             0.000             0.000    -132.120      61.731                   0.000                0.000 28 1NC0
-145.657    -54.689      4.644           0.682          2.898                    1.353    -34.339          2.531              2.892             0.000            -2.734    -127.506      58.610                   0.000                0.000 29 1NC0
-138.571    -54.560      6.691           0.607          2.095                    0.699    -32.664          3.933              2.469            -0.954             0.000    -137.687      70.801                   0.000                0.000 2 1NC0
-147.974    -58.103      4.211           0.578          2.930                    0.319    -35.471          2.141              2.125             0.000             0.000    -130.013      63.309                   0.000                0.000 30 1NC0
-141.344    -57.569      6.570           1.062          1.990                    0.810    -32.647          3.641              2.625            -1.032             0.000    -135.235      68.441                   0.000                0.000 3 1NC0
-146.722    -56.962      6.593           0.656          1.775                    0.594    -34.240          4.586              2.365            -1.013             0.000    -138.054      66.978                   0.000                0.000 4 1NC0
-135.038    -56.283      4.351           1.129          1.546                    1.659    -29.969          3.058              2.778            -1.184             0.000    -118.640      56.517                   0.000                0.000 5 1NC0
-147.651    -60.945      4.754           1.945          1.512                    1.254    -29.792          2.969              2.285            -1.596             0.000    -132.355      62.317                   0.000                0.000 6 1NC0
-144.763    -60.938      4.817           1.577          1.982                    1.710    -30.581          3.596              2.169            -2.358             0.000    -126.805      60.068                   0.000                0.000 7 1NC0
-145.196    -59.764      4.296           1.541          1.458                    1.432    -29.144          3.378              3.016            -1.303             0.000    -131.199      61.096                   0.000                0.000 8 1NC0
-147.733    -59.130      4.446           1.704          1.927                    0.908    -29.785          3.082              3.026            -1.921             0.000    -135.731      63.741                   0.000                0.000 9 1NC0
