   score     fa_atr     fa_rep    fa_intra_rep    lk_nonpolar    fa_elec_rna_phos_phos    ch_bond    rna_torsion    rna_sugar_close    hbond_sr_bb_sc    hbond_lr_bb_sc    hbond_sc    geom_sol    atom_pair_constraint    linear_chainbreak       conformation id
-155.450    -64.201      4.252           0.511          3.025                    0.206    -35.360          1.695              2.729             0.000            -9.219    -122.290      63.201                   0.000                0.000 10 1OW9
-142.091    -62.317      4.520           0.525          2.651                    0.908    -34.865          1.276              1.628             0.000            -3.280    -110.884      57.746                   0.000                0.000 11 1OW9
-141.990    -60.776      4.299           0.512          3.116                    0.994    -34.008          1.164              1.931            -0.268            -3.114    -115.902      60.063                   0.000                0.000 12 1OW9
-141.918    -59.760      5.433           0.567          3.339                    0.600    -34.227          2.468              2.065             0.000            -5.739    -116.636      59.972                   0.000                0.000 13 1OW9
-145.765    -60.736      5.012           0.552          3.099                    0.818    -35.834          2.208              2.759             0.000             0.000    -118.638      54.995                   0.000                0.000 14 1OW9
-159.479    -66.247      4.583           0.519          3.077                    0.500    -34.533          1.523              2.184             0.000           -11.816    -123.081      63.813                   0.000                0.000 15 1OW9
-156.482    -65.352      4.345           0.516          2.540                    0.617    -34.942          2.145              2.238             0.000             0.000    -129.542      60.953                   0.000                0.000 16 1OW9
-137.967    -62.472      6.291           0.511          2.233                    1.218    -31.714          1.490              1.395             0.000             0.000    -112.633      55.715                   0.000                0.000 17 1OW9
-144.121    -60.577      4.951           0.539          2.799                    1.180    -34.224          1.986              2.026            -0.309            -1.981    -120.864      60.354                   0.000                0.000 18 1OW9
-142.758    -60.793      4.656           0.758          2.645                    0.620    -34.209          2.266              2.805             0.000            -3.887    -112.691      55.071                   0.000                0.000 19 1OW9
-150.614    -60.437      4.824           0.561          1.741                    0.960    -32.719          4.023              1.982            -0.631            -4.635    -122.332      56.049                   0.000                0.000 1 1OW9
-134.785    -58.114      4.731           0.515          2.174                    0.212    -35.276          1.031              2.096            -0.242             0.000    -109.028      57.119                   0.000                0.000 20 1OW9
-138.730    -60.666      4.182           0.503          2.874                    0.810    -33.385          1.644              1.920             0.000            -3.557    -109.814      56.760                   0.000                0.000 21 1OW9
-138.405    -60.888      4.259           0.519          2.789                    0.197    -33.368          1.585              1.749             0.000            -3.708    -104.824      53.286                   0.000                0.000 22 1OW9
-133.925    -59.826      5.496           0.496          2.384                    0.236    -33.693          1.717              1.820             0.000             0.000    -108.977      56.422                   0.000                0.000 23 1OW9
-141.974    -57.199      4.947           0.656          5.428                    1.034    -33.126          2.670              2.294             0.000           -16.829    -107.841      55.990                   0.000                0.000 24 1OW9
-141.013    -60.169      4.182           0.628          2.502                    0.407    -33.556          1.539              2.034             0.000             0.000    -115.623      57.043                   0.000                0.000 25 1OW9
-130.280    -54.461      3.986           0.636          2.086                    1.693    -32.806          2.474              1.884             0.000             0.000    -108.751      52.978                   0.000                0.000 26 1OW9
-130.186    -54.974      4.452           0.552          1.932                    0.779    -32.432          1.919              2.653             0.000             0.000    -110.210      55.143                   0.000                0.000 27 1OW9
-146.406    -57.261      3.731           0.551          3.066                    0.966    -34.832          1.991              1.883             0.000             0.000    -123.017      56.516                   0.000                0.000 28 1OW9
-122.610    -57.017      8.086           0.495          4.065                    0.672    -31.544          1.233              2.900             0.000            -3.779    -109.577      61.854                   0.000                0.000 29 1OW9
-139.549    -60.144      5.613           0.529          2.347                    0.677    -33.350          3.465              2.079            -0.930             0.000    -117.831      57.996                   0.000                0.000 2 1OW9
-142.179    -59.311      7.059           0.521          2.763                    0.222    -33.053          1.994              2.015             0.000            -4.917    -123.469      63.997                   0.000                0.000 30 1OW9
-137.154    -60.341      5.783           0.533          2.392                    0.864    -33.375          3.365              2.730            -0.332             0.000    -117.531      58.756                   0.000                0.000 3 1OW9
-142.848    -60.379      5.600           0.556          2.291                    1.145    -33.971          3.690              2.717            -0.715            -4.464    -117.333      58.014                   0.000                0.000 4 1OW9
-149.175    -62.570      6.067           0.547          1.875                    0.919    -33.884          3.534              2.514            -0.341             0.000    -126.404      58.568                   0.000                0.000 5 1OW9
-154.112    -63.173      4.864           1.331          2.474                    1.288    -28.249          2.755              1.791            -1.558            -4.446    -129.128      57.939                   0.000                0.000 6 1OW9
-147.389    -62.250      4.947           1.061          2.541                    1.390    -29.513          2.950              1.227            -1.208            -9.453    -116.024      56.943                   0.000                0.000 7 1OW9
-146.480    -64.049      5.194           1.169          3.319                    0.814    -29.165          2.698              2.101            -1.132            -8.558    -118.869      59.998                   0.000                0.000 8 1OW9
-148.835    -62.962      4.347           0.962          3.021                    0.427    -28.958          2.546              1.596            -0.479            -9.032    -117.673      57.368                   0.000                0.000 9 1OW9
