   score     fa_atr     fa_rep    fa_intra_rep    lk_nonpolar    fa_elec_rna_phos_phos    ch_bond    rna_torsion    rna_sugar_close    hbond_sr_bb_sc    hbond_lr_bb_sc    hbond_sc    geom_sol    atom_pair_constraint    linear_chainbreak       conformation id
-158.024    -60.733      3.762           0.540          1.693                    0.807    -32.415          1.405              1.930             0.000             0.000    -135.184      60.171                   0.000                0.000 10 1PJY
-145.771    -53.526      3.880           0.524          1.592                   -0.030    -30.313          2.260              1.802             0.000             0.000    -130.908      58.949                   0.000                0.000 11 1PJY
-156.214    -60.621      3.682           0.507          2.033                    0.318    -32.103          1.469              1.033             0.000             0.000    -130.765      58.231                   0.000                0.000 12 1PJY
-146.979    -56.048      3.836           0.488          1.696                    0.702    -30.571          1.123              1.985             0.000            -3.050    -126.159      59.019                   0.000                0.000 13 1PJY
-151.171    -57.518      3.380           0.489          0.970                    0.481    -30.814          1.256              1.601             0.000             0.000    -130.110      59.095                   0.000                0.000 14 1PJY
-144.833    -53.972      4.071           0.516          1.301                    0.769    -29.909          1.717              2.076             0.000             0.000    -130.213      58.810                   0.000                0.000 15 1PJY
-139.149    -54.207      4.042           0.477          1.682                    0.229    -25.318          1.213              1.985             0.000            -2.800    -125.579      59.127                   0.000                0.000 16 1PJY
-142.449    -53.984      3.932           0.505          1.998                    0.293    -29.767          1.900              1.251            -0.035             0.000    -126.043      57.502                   0.000                0.000 17 1PJY
-146.795    -57.412      4.068           0.526          1.685                    1.060    -30.891          2.149              2.069             0.000            -4.725    -124.024      58.701                   0.000                0.000 18 1PJY
-139.681    -53.165      3.392           0.529          1.270                    0.088    -32.014          1.827              1.981             0.000             0.000    -118.890      55.302                   0.000                0.000 19 1PJY
-141.469    -53.232      6.235           0.601          2.343                   -0.210    -33.469          0.971              1.737            -1.238             0.000    -130.328      65.120                   0.000                0.000 1 1PJY
-150.133    -55.115      4.610           0.566          2.840                    0.445    -32.242          2.014              1.728             0.000            -3.610    -137.605      66.237                   0.000                0.000 20 1PJY
-145.647    -54.092      3.289           0.517          1.289                    0.634    -30.085          1.644              2.128             0.000             0.000    -126.074      55.104                   0.000                0.000 21 1PJY
-137.180    -48.290      3.397           0.501          1.655                    0.757    -28.911          1.376              1.832             0.000             0.000    -125.918      56.420                   0.000                0.000 22 1PJY
-150.262    -51.330      4.604           0.739          1.692                    0.231    -30.039          1.917              1.657             0.000             0.000    -138.335      58.601                   0.000                0.000 23 1PJY
-130.840    -48.497      5.421           0.918          3.980                    0.698    -28.343          2.341              2.319             0.000             0.000    -128.080      58.404                   0.000                0.000 24 1PJY
-138.384    -48.441      3.008           0.625          3.984                    0.491    -27.470          1.943              2.270            -0.392            -7.452    -126.262      59.312                   0.000                0.000 25 1PJY
-138.250    -53.164      5.703           0.579          3.495                    0.005    -26.745          2.453              1.908             0.000             0.000    -130.541      58.055                   0.000                0.000 26 1PJY
-125.401    -50.149      8.424           0.987          5.910                    1.569    -30.046          3.779              9.636             0.000            -4.107    -135.224      63.820                   0.000                0.000 27 1PJY
-133.811    -51.772      5.417           0.708          2.793                    0.744    -28.825          4.437              2.432            -0.330             0.000    -130.670      61.254                   0.000                0.000 28 1PJY
-142.915    -51.898      6.031           0.493          2.290                    1.165    -29.145          1.890              2.450            -0.113            -3.467    -139.802      67.189                   0.000                0.000 29 1PJY
-146.325    -56.382      5.386           0.532          2.496                   -0.101    -31.460          1.276              2.744            -0.894             0.000    -137.741      67.819                   0.000                0.000 2 1PJY
-135.489    -53.266      3.835           0.650          3.293                    1.540    -28.006          6.325              2.559             0.000             0.000    -133.052      60.634                   0.000                0.000 30 1PJY
-141.278    -55.307      6.937           0.613          1.928                   -0.024    -32.701          1.271              2.585            -1.566             0.000    -134.091      69.078                   0.000                0.000 3 1PJY
-138.047    -57.022      3.842           1.193          2.013                    0.152    -26.369          2.222              2.137            -1.505             0.000    -122.781      58.070                   0.000                0.000 4 1PJY
-159.942    -58.876      3.222           0.489          1.772                    0.213    -33.292          1.093              1.653             0.000             0.000    -139.057      62.841                   0.000                0.000 5 1PJY
-158.469    -59.496      3.796           0.503          1.424                    0.962    -32.863          1.079              2.332             0.000             0.000    -138.261      62.055                   0.000                0.000 6 1PJY
-157.547    -60.159      4.317           0.487          1.674                    0.508    -32.940          0.872              1.969             0.000             0.000    -138.391      64.116                   0.000                0.000 7 1PJY
-158.262    -59.064      3.456           0.479          1.470                    0.701    -32.215          0.903              1.565            -0.191             0.000    -138.285      62.918                   0.000                0.000 8 1PJY
-158.394    -60.609      3.798           0.505          1.705                    1.069    -33.961          0.905              2.210             0.000             0.000    -134.950      60.934                   0.000                0.000 9 1PJY
