   score     fa_atr     fa_rep    fa_intra_rep    lk_nonpolar    fa_elec_rna_phos_phos    ch_bond    rna_torsion    rna_sugar_close    hbond_sr_bb_sc    hbond_lr_bb_sc    hbond_sc    geom_sol    atom_pair_constraint    linear_chainbreak       conformation id
-183.537    -75.166      5.903           1.526          5.747                    1.136    -39.638          3.326              5.528            -1.227           -22.881    -147.707      79.917                   0.000                0.000 10 1SCL
-189.694    -77.795      6.258           1.795          5.141                    1.968    -37.938          3.478              4.007            -1.842           -21.606    -158.454      85.293                   0.000                0.000 11 1SCL
-184.967    -77.701      6.112           1.414          5.834                    1.517    -38.956          3.737              5.383            -1.043           -19.675    -153.302      81.715                   0.000                0.000 12 1SCL
-149.629    -60.986      5.544           0.835          4.959                    0.461    -39.743          2.494              3.160             0.000            -8.149    -127.453      69.248                   0.000                0.000 13 1SCL
-157.174    -67.658      5.085           0.764          4.340                    1.056    -45.451          3.127              2.815            -0.426            -2.316    -125.954      67.443                   0.000                0.000 14 1SCL
-166.495    -71.571      6.124           0.772          2.995                    0.949    -42.125          3.220              4.006             0.000             0.000    -142.515      71.650                   0.000                0.000 15 1SCL
-163.249    -67.405      5.608           0.857          4.013                    1.527    -42.366          3.039              3.130             0.000            -4.404    -139.766      72.518                   0.000                0.000 16 1SCL
-139.799    -55.497      8.103           1.313          5.545                    1.555    -37.636          4.408              6.029            -0.307             0.000    -145.058      71.747                   0.000                0.000 17 1SCL
-174.235    -69.907      5.318           0.894          4.383                   -0.012    -41.215          3.592              1.906             0.000           -10.702    -143.719      75.228                   0.000                0.000 18 1SCL
-158.716    -59.041      5.270           1.453          5.911                    1.806    -42.232          4.156              3.773             0.000           -13.443    -135.795      69.425                   0.000                0.000 19 1SCL
-166.793    -75.265      7.828           0.770          4.016                    1.997    -44.296          4.384              3.632            -0.735            -3.397    -139.371      73.645                   0.000                0.000 1 1SCL
-138.770    -58.477      5.262           0.786          5.466                    2.758    -42.996          3.361              2.710             0.000            -4.803    -115.417      62.581                   0.000                0.000 20 1SCL
-147.948    -63.353      8.542           0.751          2.753                    0.562    -39.246          2.828              4.115             0.000            -4.100    -129.416      68.614                   0.000                0.000 21 1SCL
-155.380    -63.886      7.647           1.024          3.002                    1.943    -41.861          4.176              4.507             0.000            -9.146    -137.104      74.318                   0.000                0.000 22 1SCL
-168.333    -74.241      5.493           0.917          4.057                    0.240    -45.738          1.747              2.772            -0.378             0.000    -134.100      70.898                   0.000                0.000 23 1SCL
-158.847    -67.585      5.159           0.795          3.905                    1.755    -44.009          3.457              2.890             0.000            -4.984    -124.579      64.348                   0.000                0.000 24 1SCL
-149.550    -55.793      4.708           1.597          7.534                    2.451    -41.836          3.985              3.585             0.000            -8.844    -140.890      73.952                   0.000                0.000 25 1SCL
-178.902    -77.090      6.160           2.212          4.604                    1.428    -36.973          2.881              2.427            -2.446           -12.414    -149.229      79.537                   0.000                0.000 2 1SCL
-178.404    -78.699      6.729           1.756          5.177                    1.070    -36.568          2.985              3.639            -2.188           -14.305    -147.904      79.904                   0.000                0.000 3 1SCL
-181.115    -75.937      6.250           1.862          4.628                    1.884    -38.044          3.586              2.483            -2.588           -12.662    -153.500      80.922                   0.000                0.000 4 1SCL
-185.311    -78.694      5.424           1.861          5.003                    1.862    -37.976          5.312              3.880            -1.748           -15.117    -153.619      78.501                   0.000                0.000 5 1SCL
-174.371    -76.145      7.487           1.633          4.795                    1.322    -36.327          5.823              5.607            -2.177           -14.840    -159.139      87.590                   0.000                0.000 6 1SCL
-185.906    -76.564      5.043           1.696          6.013                    1.186    -39.615          3.001              4.327            -1.980           -15.917    -152.060      78.964                   0.000                0.000 7 1SCL
-182.954    -78.395      6.502           1.113          5.676                    1.428    -39.217          3.533              5.882            -0.339           -20.582    -149.043      80.487                   0.000                0.000 8 1SCL
-180.359    -73.763      4.615           1.435          5.762                    1.494    -39.785          4.151              6.822            -1.095           -26.013    -148.032      84.049                   0.000                0.000 9 1SCL
