   score     fa_atr     fa_rep    fa_intra_rep    lk_nonpolar    fa_elec_rna_phos_phos    ch_bond    rna_torsion    rna_sugar_close    hbond_sr_bb_sc    hbond_lr_bb_sc    hbond_sc    geom_sol    atom_pair_constraint    linear_chainbreak       conformation id
-117.042    -45.141      3.564           0.436          1.168                    0.516    -24.210          1.182              1.251            -0.158             0.000    -105.618      49.967                   0.000                0.000 10 1UUU
-125.071    -43.465      2.456           0.429          1.528                    0.421    -26.709          1.064              1.679             0.000             0.000    -110.810      48.337                   0.000                0.000 11 1UUU
-127.012    -46.007      3.873           0.430          1.410                    0.288    -28.721          1.612              1.778             0.000             0.000    -110.750      49.075                   0.000                0.000 12 1UUU
-131.452    -47.246      3.369           0.448          0.826                    0.977    -25.955          2.440              1.592             0.000             0.000    -120.630      52.727                   0.000                0.000 13 1UUU
-128.746    -45.625      2.583           0.427          1.484                    0.470    -28.120          1.108              1.380             0.000             0.000    -112.240      49.787                   0.000                0.000 14 1UUU
-127.403    -44.743      2.544           0.411          1.373                    0.048    -28.079          1.274              1.398             0.000             0.000    -110.753      49.125                   0.000                0.000 15 1UUU
-125.756    -44.119      2.869           0.448          1.574                    0.706    -27.839          1.585              1.542             0.000             0.000    -110.444      47.922                   0.000                0.000 16 1UUU
-123.380    -45.605      2.603           0.420          1.607                    0.432    -27.560          1.236              1.236             0.000            -9.126     -98.578      49.956                   0.000                0.000 17 1UUU
-122.800    -46.143      4.084           0.585          0.815                    0.354    -25.779          1.511              3.530             0.000             0.000    -114.735      52.977                   0.000                0.000 18 1UUU
-120.010    -43.605      3.596           0.482          1.365                    0.125    -25.970          1.272              1.752            -0.211             0.000    -110.090      51.276                   0.000                0.000 19 1UUU
-101.507    -39.147      3.096           0.414          1.849                    0.507    -26.749          1.721              2.698            -0.741             0.000     -88.770      43.614                   0.000                0.000 1 1UUU
-115.509    -41.838      3.480           0.462          2.134                    0.607    -24.023          2.456              1.405             0.000             0.000    -107.653      47.461                   0.000                0.000 20 1UUU
-102.791    -42.320      7.133           0.578          3.433                    0.994    -27.941          2.280              2.581             0.000             0.000     -96.865      47.335                   0.000                0.000 21 1UUU
-118.400    -42.553      4.171           0.465          2.164                    0.547    -28.854          2.201              2.481            -0.534             0.000    -107.271      48.782                   0.000                0.000 22 1UUU
-126.988    -42.731      2.854           0.767          1.929                    0.449    -23.626          2.556              2.226            -0.320            -9.916    -113.571      52.395                   0.000                0.000 23 1UUU
-114.953    -39.268      4.171           0.827          3.901                    1.826    -27.737          5.413              2.068             0.000             0.000    -114.607      48.453                   0.000                0.000 24 1UUU
-130.136    -43.425      3.812           0.442          1.458                    0.509    -27.808          1.437              2.203             0.000             0.000    -118.578      49.813                   0.000                0.000 25 1UUU
-116.795    -38.262      2.631           0.484          1.373                    0.658    -23.916          2.713              1.659             0.000             0.000    -110.517      46.383                   0.000                0.000 26 1UUU
-122.657    -43.131      3.556           0.511          1.394                    0.336    -26.570          2.103              2.414             0.000             0.000    -110.846      47.576                   0.000                0.000 27 1UUU
-110.256    -44.515      6.422           0.499          3.432                    1.836    -27.852          1.700              1.596             0.000            -4.608     -98.292      49.526                   0.000                0.000 28 1UUU
 -86.132    -31.914      4.057           0.728          3.883                    2.275    -21.279          2.551              3.643             0.000             0.000     -96.460      46.384                   0.000                0.000 29 1UUU
-104.037    -38.696      2.607           0.489          1.571                   -0.178    -24.938          1.847              1.944            -0.767             0.000     -93.885      45.969                   0.000                0.000 2 1UUU
-109.787    -36.287      3.501           1.140          2.611                    0.223    -21.623          1.989              1.004             0.000             0.000    -109.117      46.772                   0.000                0.000 30 1UUU
-106.076    -41.380      3.398           0.420          2.444                    0.630    -28.682          2.160              0.952            -1.313             0.000     -91.337      46.631                   0.000                0.000 3 1UUU
-106.089    -44.440      3.461           0.392          3.673                    1.235    -29.585          1.685              1.093            -0.919             0.000     -90.084      47.401                   0.000                0.000 4 1UUU
-102.428    -43.295      3.259           0.410          3.210                    1.385    -26.429          2.117              1.273            -1.049             0.000     -89.688      46.379                   0.000                0.000 5 1UUU
-101.898    -40.446      3.110           0.449          2.611                    0.279    -26.226          2.183              1.249            -0.943             0.000     -91.318      47.154                   0.000                0.000 6 1UUU
-111.248    -42.348      3.712           1.084          3.140                    1.726    -28.723          2.834              2.764            -0.906            -3.984     -97.145      46.597                   0.000                0.000 7 1UUU
-112.672    -41.001      4.068           0.988          3.614                    2.230    -27.962          2.522              3.084            -0.429             0.000    -105.314      45.528                   0.000                0.000 8 1UUU
-109.697    -40.198      3.272           0.415          2.201                   -1.279    -28.173          2.162              2.173             0.000             0.000     -99.209      48.940                   0.000                0.000 9 1UUU
