   score     fa_atr     fa_rep    fa_intra_rep    lk_nonpolar    fa_elec_rna_phos_phos    ch_bond    rna_torsion    rna_sugar_close    hbond_sr_bb_sc    hbond_lr_bb_sc    hbond_sc    geom_sol    atom_pair_constraint    linear_chainbreak       conformation id
-176.478    -77.427      6.348           2.138          3.555                    1.272    -41.749          2.838              4.321            -3.077             0.000    -159.367      84.670                   0.000                0.000 10 1XHP
-178.528    -79.738      5.638           2.166          3.825                    0.850    -40.923          3.164              4.142            -3.356             0.000    -155.053      80.757                   0.000                0.000 11 1XHP
-180.368    -80.308      5.494           0.805          3.659                    0.926    -47.524          2.502              2.621             0.000            -3.592    -142.125      77.175                   0.000                0.000 12 1XHP
-174.750    -81.159      7.411           0.737          2.079                    0.359    -44.885          2.222              3.274            -0.326             0.000    -145.444      80.982                   0.000                0.000 13 1XHP
-193.506    -82.347      5.218           0.712          3.503                    0.646    -47.116          1.640              4.077            -0.700            -3.740    -155.649      80.249                   0.000                0.000 14 1XHP
-181.280    -80.148      6.012           0.764          3.932                   -0.229    -49.639          2.713              3.247            -0.084             0.000    -146.984      79.137                   0.000                0.000 15 1XHP
-171.008    -80.598      6.341           1.017          4.255                    1.516    -45.869          3.345              2.775             0.000            -4.655    -138.165      79.030                   0.000                0.000 16 1XHP
-184.035    -78.552      5.476           0.745          4.463                    0.873    -47.304          2.537              3.332             0.000            -4.031    -146.065      74.491                   0.000                0.000 17 1XHP
-186.222    -78.803      6.836           0.954          2.943                    0.370    -44.545          2.875              2.353            -0.280             0.000    -155.259      76.333                   0.000                0.000 18 1XHP
-186.760    -78.862      5.987           0.701          3.363                    0.267    -46.971          1.831              2.610            -0.826             0.000    -157.830      82.968                   0.000                0.000 19 1XHP
-173.446    -77.333      6.415           0.650          2.278                    0.802    -42.347          3.226              9.820            -1.864             0.000    -163.127      88.034                   0.000                0.000 1 1XHP
-179.208    -76.185      6.107           0.762          2.279                    1.379    -46.843          2.783              3.102             0.000            -4.633    -144.805      76.845                   0.000                0.000 20 1XHP
-173.939    -74.571      5.241           0.926          3.725                    1.154    -41.874          3.612              3.205             0.000             0.000    -149.219      73.863                   0.000                0.000 21 1XHP
-185.189    -82.727      7.776           0.754          3.198                    0.990    -44.026          2.238              2.886             0.000            -4.466    -149.223      77.411                   0.000                0.000 22 1XHP
-178.981    -76.729      5.646           0.711          2.539                    0.903    -47.298          1.986              2.153            -0.860             0.000    -146.064      78.032                   0.000                0.000 23 1XHP
-173.838    -73.195      4.878           0.795          3.507                    1.438    -45.022          2.764              5.417             0.000            -4.866    -146.966      77.411                   0.000                0.000 24 1XHP
-178.562    -79.798      8.390           0.749          4.083                    1.016    -47.806          2.679              3.609            -0.441            -9.787    -142.366      81.111                   0.000                0.000 25 1XHP
-182.913    -77.533      5.218           0.739          3.752                    1.134    -42.148          2.332              3.177             0.000             0.000    -154.669      75.084                   0.000                0.000 26 1XHP
-180.825    -76.318      6.052           0.774          2.813                    0.584    -46.230          2.228              4.457            -0.441             0.000    -159.382      84.637                   0.000                0.000 27 1XHP
-175.150    -72.191      9.122           0.948          4.228                    1.193    -44.410          6.525              9.728            -0.619             0.000    -175.376      85.703                   0.000                0.000 28 1XHP
-172.596    -76.019      5.962           0.856          3.796                    1.634    -46.432          2.434              2.481            -0.373             0.000    -140.493      73.559                   0.000                0.000 29 1XHP
-173.717    -77.817      6.766           0.650          2.259                    1.159    -42.075          3.031              9.810            -1.515             0.000    -164.046      88.060                   0.000                0.000 2 1XHP
-185.105    -77.744      5.889           0.706          4.359                    0.519    -44.507          1.510              4.071            -0.849            -4.351    -159.644      84.936                   0.000                0.000 30 1XHP
-171.227    -75.019      5.876           0.658          2.717                    0.886    -43.007          3.340              9.063            -1.636             0.000    -163.298      89.194                   0.000                0.000 3 1XHP
-171.594    -74.436      5.885           0.645          3.221                    0.884    -42.158          2.665              8.907            -1.387             0.000    -159.756      83.937                   0.000                0.000 4 1XHP
-190.489    -81.419      5.279           2.098          2.637                    0.560    -36.693          2.621              1.674            -3.233             0.000    -167.928      83.915                   0.000                0.000 5 1XHP
-182.798    -81.727      7.385           2.178          3.293                    0.671    -38.842          2.664              2.278            -3.850             0.000    -166.518      89.671                   0.000                0.000 6 1XHP
-189.932    -82.202      5.317           2.115          3.981                    0.397    -40.146          2.912              2.966            -1.941             0.000    -166.621      83.290                   0.000                0.000 7 1XHP
-187.378    -82.046      6.361           2.530          3.693                    0.381    -42.169          2.033              3.090            -4.243             0.000    -164.996      87.987                   0.000                0.000 8 1XHP
-185.356    -80.367      7.539           1.465          3.590                   -0.325    -42.326          2.918              3.888            -1.136            -1.925    -165.365      86.690                   0.000                0.000 9 1XHP
