   score     fa_atr     fa_rep    fa_intra_rep    lk_nonpolar    fa_elec_rna_phos_phos    ch_bond    rna_torsion    rna_sugar_close    hbond_sr_bb_sc    hbond_lr_bb_sc    hbond_sc    geom_sol    atom_pair_constraint    linear_chainbreak       conformation id
-171.562    -67.161      4.543           0.610          2.162                    0.691    -41.467          1.328              3.290             0.000            -4.114    -145.080      73.636                   0.000                0.000 10 1YSV
-159.741    -65.139      4.264           0.667          2.716                    0.623    -42.525          2.550              3.317             0.000             0.000    -131.215      65.001                   0.000                0.000 11 1YSV
-166.342    -66.508      4.403           0.604          1.768                    0.797    -40.574          1.723              2.749             0.000             0.000    -140.352      69.048                   0.000                0.000 12 1YSV
-159.346    -65.356      5.281           0.602          1.745                   -0.207    -38.234          2.978              2.465             0.000             0.000    -135.619      67.001                   0.000                0.000 13 1YSV
-150.387    -64.092      3.726           0.597          2.632                    0.387    -39.082          1.324              3.077             0.000             0.000    -126.174      67.218                   0.000                0.000 14 1YSV
-159.194    -65.028      4.436           0.615          3.226                    0.289    -41.462          2.132              1.998             0.000            -1.977    -130.950      67.527                   0.000                0.000 15 1YSV
-163.597    -65.203      4.042           0.589          2.229                    0.943    -41.273          1.221              1.771             0.000             0.000    -135.322      67.407                   0.000                0.000 16 1YSV
-161.147    -65.875      4.469           0.626          2.849                    1.050    -38.547          2.059              2.607            -0.411             0.000    -137.803      67.827                   0.000                0.000 17 1YSV
-160.075    -65.937      5.003           0.667          1.916                    0.559    -39.812          2.702              2.820             0.000             0.000    -133.492      65.499                   0.000                0.000 18 1YSV
-168.397    -65.099      3.893           0.665          3.424                    0.805    -39.577          2.287              2.221             0.000            -4.567    -142.903      70.454                   0.000                0.000 19 1YSV
-161.906    -70.610      6.314           0.578          1.188                    1.176    -40.173          2.660              3.853            -2.005            -3.194    -138.155      76.463                   0.000                0.000 1 1YSV
-155.677    -64.671      5.721           0.996          4.912                    2.166    -42.970          3.195              2.678             0.000            -2.887    -130.181      65.365                   0.000                0.000 20 1YSV
-160.163    -65.105      4.916           0.812          1.878                    1.723    -42.060          3.071              3.094            -0.386             0.000    -132.298      64.192                   0.000                0.000 21 1YSV
-155.661    -68.183      9.742           0.594          3.813                    0.655    -40.390          2.049              2.632             0.000             0.000    -134.744      68.171                   0.000                0.000 22 1YSV
-152.935    -64.404      3.761           0.621          2.961                    0.285    -38.908          1.482              1.764             0.000             0.000    -126.140      65.642                   0.000                0.000 23 1YSV
-147.524    -60.468      4.720           0.602          3.919                    0.539    -40.370          2.703              2.176             0.000             0.000    -125.036      63.690                   0.000                0.000 24 1YSV
-158.584    -68.476      6.232           0.921          3.867                    2.262    -40.897          3.003              2.488             0.000             0.000    -132.030      64.047                   0.000                0.000 25 1YSV
-153.607    -59.288      3.741           0.617          2.654                    0.966    -39.479          1.691              2.374            -0.301             0.000    -134.289      67.706                   0.000                0.000 26 1YSV
-155.137    -66.589      8.933           0.817          3.349                    1.446    -38.965          3.719              3.338             0.000            -7.888    -129.562      66.265                   0.000                0.000 27 1YSV
-162.469    -63.639      5.228           1.327          2.965                    0.582    -40.304          2.942              2.923             0.000            -6.944    -133.486      65.937                   0.000                0.000 28 1YSV
-163.148    -61.969      3.920           0.606          3.627                    0.737    -41.832          1.726              2.779             0.000            -4.941    -139.454      71.653                   0.000                0.000 29 1YSV
-160.200    -71.276      8.144           0.561          1.159                    0.672    -40.143          1.825              4.232            -2.320            -3.321    -141.530      81.797                   0.000                0.000 2 1YSV
-156.382    -63.549      4.731           0.633          2.423                    0.676    -39.569          2.459              4.047            -0.082             0.000    -140.706      72.554                   0.000                0.000 30 1YSV
-161.445    -68.936      5.826           0.585          1.012                    0.877    -40.514          2.418              4.536            -2.541            -2.211    -137.672      75.176                   0.000                0.000 3 1YSV
-163.680    -67.031      5.259           0.582          1.168                    0.381    -40.412          1.989              4.236            -0.840            -2.817    -141.398      75.203                   0.000                0.000 4 1YSV
-162.843    -70.835      6.211           0.576          1.170                    0.683    -39.713          2.622              3.525            -1.562            -3.396    -138.276      76.152                   0.000                0.000 5 1YSV
-162.365    -69.853      6.117           0.652          1.154                    0.572    -39.555          2.661              3.288            -1.853            -3.387    -136.615      74.455                   0.000                0.000 6 1YSV
-155.359    -67.114      4.285           0.585          2.608                    0.288    -42.142          0.997              2.184            -0.222             0.000    -126.209      69.381                   0.000                0.000 7 1YSV
-158.291    -70.219      5.423           1.954          2.333                    0.068    -34.164          2.111              2.079            -3.323            -8.671    -129.811      73.929                   0.000                0.000 8 1YSV
-171.547    -71.461      4.339           0.594          2.929                    0.514    -40.300          1.203              2.305             0.000             0.000    -140.130      68.461                   0.000                0.000 9 1YSV
