   score     fa_atr     fa_rep    fa_intra_rep    lk_nonpolar    fa_elec_rna_phos_phos    ch_bond    rna_torsion    rna_sugar_close    hbond_sr_bb_sc    hbond_lr_bb_sc    hbond_sc    geom_sol    atom_pair_constraint    linear_chainbreak       conformation id
-287.669   -123.966      9.141           2.653          4.175                    0.039    -56.074          4.124              3.440            -3.301             0.000    -254.073     126.172                   0.000                0.000 10 1Z2J
-292.257   -121.943      8.366           1.972          5.510                   -0.395    -56.548          4.101              5.431            -1.259            -4.110    -259.409     126.026                   0.000                0.000 11 1Z2J
-295.198   -119.836      7.397           2.179          4.836                   -0.376    -56.525          4.792              5.174            -1.807            -4.136    -258.826     121.931                   0.000                0.000 12 1Z2J
-293.045   -118.661      8.191           2.928          4.815                   -0.727    -55.760          4.538              4.870            -3.342            -3.508    -266.215     129.827                   0.000                0.000 13 1Z2J
-291.627   -122.162      7.996           2.669          4.394                   -0.043    -55.313          4.115              5.056            -3.514            -2.077    -258.560     125.811                   0.000                0.000 14 1Z2J
-291.368   -119.512      7.402           2.678          4.838                   -0.306    -56.006          4.539              7.082            -3.308            -6.804    -261.053     129.082                   0.000                0.000 15 1Z2J
-218.714   -109.122     20.790           1.327          5.310                    0.731    -59.673         10.076             15.819            -0.243             0.000    -240.946     137.218                   0.000                0.000 16 1Z2J
-281.346   -108.456      7.086           0.993          4.129                    0.098    -63.659          4.283              4.096            -0.375            -4.537    -246.594     121.588                   0.000                0.000 17 1Z2J
-258.879   -112.278      9.028           1.207          4.866                    1.475    -64.071          3.951              4.663             0.000            -3.890    -216.251     112.420                   0.000                0.000 18 1Z2J
-271.244   -110.919     13.561           1.118          6.564                    0.500    -65.096          3.600              4.461             0.000            -4.952    -249.150     129.068                   0.000                0.000 19 1Z2J
-282.489   -112.678      8.555           1.034          3.245                    0.630    -66.260          1.758              6.163            -1.280             0.000    -258.970     135.315                   0.000                0.000 1 1Z2J
-272.322   -102.922      6.402           1.194          4.716                    1.193    -63.350          3.917              5.736             0.000             0.000    -244.230     115.020                   0.000                0.000 20 1Z2J
-265.132   -110.231      8.151           1.098          3.210                    3.383    -63.183          5.664              4.130            -0.218            -8.905    -224.404     116.173                   0.000                0.000 21 1Z2J
-290.963   -107.688      8.972           1.141          4.679                    1.477    -63.161          5.616              5.212            -0.366             0.000    -264.178     117.333                   0.000                0.000 22 1Z2J
-296.062   -115.744      7.882           1.130          3.412                    1.357    -66.720          4.504              5.033             0.000             0.000    -261.087     124.171                   0.000                0.000 23 1Z2J
-262.026   -121.854     15.842           1.273          5.043                    0.292    -61.504          2.115              8.973            -1.940             0.000    -250.764     140.496                   0.000                0.000 24 1Z2J
-308.742   -118.211      7.803           1.125          3.540                    2.055    -63.676          4.553              3.790            -0.762            -4.689    -261.297     117.027                   0.000                0.000 25 1Z2J
-275.470   -115.032      9.216           1.103          3.430                    1.767    -67.915          4.555              3.981            -0.375             0.000    -223.579     107.379                   0.000                0.000 26 1Z2J
-278.110   -115.240     13.023           0.950          3.205                    0.198    -66.317          2.014              6.447            -0.492             0.000    -267.853     145.954                   0.000                0.000 2 1Z2J
-279.681   -111.074      8.677           1.091          3.105                    0.626    -65.407          2.106              5.936            -0.211             0.000    -255.499     130.968                   0.000                0.000 3 1Z2J
-274.252   -116.718     14.574           0.985          3.178                    0.307    -67.016          1.622              6.102            -1.979             0.000    -262.010     146.703                   0.000                0.000 4 1Z2J
-289.854   -121.228      7.185           3.277          3.759                    1.518    -53.537          3.943              2.668            -4.566             0.000    -260.415     127.544                   0.000                0.000 5 1Z2J
-282.409   -122.609      8.838           3.139          4.297                    0.915    -51.566          2.918              3.290            -4.883             0.000    -259.716     132.967                   0.000                0.000 6 1Z2J
-282.441   -123.505     10.536           2.580          4.346                    0.672    -53.213          3.211              3.851            -3.451             0.000    -259.940     132.471                   0.000                0.000 7 1Z2J
-289.958   -121.241      7.586           2.716          3.926                    0.617    -52.019          3.640              3.155            -2.911             0.000    -261.372     125.947                   0.000                0.000 8 1Z2J
-289.781   -122.028      8.217           2.306          4.050                    0.223    -54.485          3.305              2.907            -2.518             0.000    -259.728     127.969                   0.000                0.000 9 1Z2J
