   score     fa_atr     fa_rep    fa_intra_rep    lk_nonpolar    fa_elec_rna_phos_phos    ch_bond    rna_torsion    rna_sugar_close    hbond_sr_bb_sc    hbond_lr_bb_sc    hbond_sc    geom_sol    atom_pair_constraint    linear_chainbreak       conformation id
-254.623   -106.713      7.506           2.841          3.447                    0.388    -48.926          3.893              2.392            -4.545             0.000    -227.980     113.076                   0.000                0.000 10 1ZC5
-268.902   -106.105      6.514           0.760          1.636                    0.714    -61.068          3.097              4.392            -1.430            -4.983    -227.796     115.368                   0.000                0.000 11 1ZC5
-269.577   -105.960      7.530           0.791          1.641                    1.000    -61.303          3.349              4.163            -1.918            -4.086    -229.979     115.195                   0.000                0.000 12 1ZC5
-264.763   -106.718      8.079           0.761          1.257                    0.901    -58.319          3.648              3.938            -3.075            -3.462    -226.134     114.360                   0.000                0.000 13 1ZC5
-269.185   -106.211      7.878           0.793          1.469                    0.563    -61.186          3.026              4.737            -1.824            -4.139    -229.838     115.547                   0.000                0.000 14 1ZC5
-245.831   -105.636      6.335           1.536          4.167                    0.829    -49.187          3.914              4.628            -1.255             0.000    -214.200     103.038                   0.000                0.000 15 1ZC5
-229.685   -100.878      6.392           2.115          4.678                    0.146    -54.499          4.712              5.503            -2.800             0.000    -195.795     100.741                   0.000                0.000 16 1ZC5
-212.094   -102.417     10.566           1.957          4.020                    1.435    -50.161          4.062              7.316            -2.370            -4.608    -187.393     105.500                   0.000                0.000 17 1ZC5
-262.213   -107.189      8.671           1.000          3.921                    2.955    -57.726          4.310              3.651            -1.134             0.000    -227.310     106.638                   0.000                0.000 18 1ZC5
-256.239    -99.398     10.374           1.063          3.791                    1.139    -52.667          5.689              4.406            -0.311            -4.720    -237.090     111.485                   0.000                0.000 19 1ZC5
-262.732   -108.246     10.059           0.752          1.458                    0.542    -59.168          2.688              4.368            -2.888             0.000    -229.325     117.027                   0.000                0.000 1 1ZC5
-253.361   -105.323     12.126           1.515          5.207                   -0.075    -51.309          5.013              5.047            -0.450            -1.899    -235.699     112.485                   0.000                0.000 20 1ZC5
-262.962   -105.001     10.638           0.976          3.909                    1.084    -58.333          3.096              3.186             0.000             0.000    -233.492     110.976                   0.000                0.000 21 1ZC5
-243.765    -97.583      8.798           1.422          7.973                    2.622    -58.797          4.223              6.394             0.000           -12.758    -218.947     112.888                   0.000                0.000 22 1ZC5
-230.392   -106.836     14.709           0.977          4.806                    0.333    -59.355          4.537              3.590            -0.314           -12.040    -185.887     105.089                   0.000                0.000 23 1ZC5
-248.484   -105.172      8.953           1.476          4.374                    0.039    -59.395          6.157              3.977             0.000            -8.952    -205.163     105.222                   0.000                0.000 24 1ZC5
-234.829    -95.049      8.895           1.197          4.723                    1.329    -59.103          4.695              4.351            -0.316             0.000    -204.947      99.397                   0.000                0.000 25 1ZC5
-240.338   -108.774      6.923           0.929          2.892                    1.077    -62.586          2.466              3.537            -0.833             0.000    -186.443     100.475                   0.000                0.000 26 1ZC5
-257.601   -105.865      9.852           0.914          4.045                    0.806    -56.886          3.099              3.542            -0.354             0.000    -228.899     112.146                   0.000                0.000 27 1ZC5
-262.307   -103.363      9.184           0.962          3.260                    1.131    -56.407          4.444              4.097            -0.386             0.000    -235.773     110.544                   0.000                0.000 28 1ZC5
-257.218   -110.822     13.112           0.774          1.345                    0.516    -58.291          2.066              3.831            -2.176             0.000    -229.696     122.123                   0.000                0.000 2 1ZC5
-263.657   -106.160      7.086           0.764          1.587                    0.502    -58.898          3.224              4.197            -2.520             0.000    -226.739     113.299                   0.000                0.000 3 1ZC5
-264.589   -107.058      7.807           0.764          1.595                    0.548    -58.612          2.807              4.235            -2.721             0.000    -231.538     117.585                   0.000                0.000 4 1ZC5
-253.827   -105.638      6.246           3.237          1.720                    1.535    -43.385          5.006              3.214            -4.632             0.000    -229.322     108.191                   0.000                0.000 5 1ZC5
-269.483   -107.015      8.284           0.814          1.526                    0.575    -60.579          3.446              4.789            -1.386             0.000    -233.189     113.253                   0.000                0.000 6 1ZC5
-265.294   -106.187      7.189           0.794          1.610                    0.595    -59.220          3.351              4.541            -1.231             0.000    -224.594     107.857                   0.000                0.000 7 1ZC5
-261.317   -106.013      7.302           0.764          1.390                    0.631    -57.945          3.444              3.846            -2.520             0.000    -225.346     113.129                   0.000                0.000 8 1ZC5
-247.301   -107.302      7.828           2.807          3.069                    0.861    -48.711          4.074              3.832            -4.656             0.000    -222.565     113.463                   0.000                0.000 9 1ZC5
