   score     fa_atr     fa_rep    fa_intra_rep    lk_nonpolar    fa_elec_rna_phos_phos    ch_bond    rna_torsion    rna_sugar_close    hbond_sr_bb_sc    hbond_lr_bb_sc    hbond_sc    geom_sol    atom_pair_constraint    linear_chainbreak       conformation id
-222.608    -94.686      6.368           2.294          6.422                    2.681    -48.135          4.792              6.081            -1.957           -18.009    -185.939      97.483                   0.000                0.000 10 2FDT
-222.843    -89.876      6.202           1.942          5.314                    1.860    -46.051          3.981              4.871            -1.340           -17.989    -187.788      96.030                   0.000                0.000 11 2FDT
-210.021    -89.513      7.090           1.535          5.518                    0.633    -45.295          4.556              7.220            -0.909           -17.631    -176.207      92.983                   0.000                0.000 12 2FDT
-221.962    -89.378      5.947           0.841          3.386                    1.034    -52.629          3.621              3.292             0.000             0.000    -188.762      90.686                   0.000                0.000 13 2FDT
-218.386    -86.448      5.678           0.828          3.452                    0.325    -53.649          2.948              3.536            -0.292            -8.621    -179.080      92.938                   0.000                0.000 14 2FDT
-208.551    -92.916     11.176           1.074          2.861                   -0.023    -54.074          2.749              3.836            -0.775            -8.461    -166.136      92.137                   0.000                0.000 15 2FDT
-215.314    -91.953      6.667           0.792          2.515                    0.528    -53.392          1.978              2.576            -0.362            -3.993    -169.452      88.783                   0.000                0.000 16 2FDT
-218.134    -86.826      5.960           1.012          3.011                    1.891    -52.258          5.059              3.256             0.000             0.000    -185.078      85.839                   0.000                0.000 17 2FDT
-227.175    -92.763      8.166           0.991          3.388                    0.011    -54.800          3.144              5.298            -0.425            -4.845    -188.938      93.597                   0.000                0.000 18 2FDT
-221.562    -88.748      7.702           0.834          2.068                    0.798    -54.867          2.960              4.945             0.000             0.000    -192.592      95.338                   0.000                0.000 19 2FDT
-214.207    -87.866      5.980           0.604          1.130                    1.281    -50.289          3.248              7.704            -0.367             0.000    -187.446      91.814                   0.000                0.000 1 2FDT
-207.723    -90.211      6.136           0.830          3.164                    1.193    -54.574          3.477              3.880             0.000             0.000    -165.970      84.353                   0.000                0.000 20 2FDT
-202.458    -86.754     11.437           0.787          4.065                    0.710    -50.934          2.145              3.369             0.000             0.000    -180.591      93.308                   0.000                0.000 21 2FDT
-202.034    -84.551      6.756           1.084          4.615                    1.465    -53.402          4.173              3.142             0.000             0.000    -168.845      83.529                   0.000                0.000 22 2FDT
-219.765    -89.526      6.610           0.876          2.339                    1.169    -48.312          2.932              3.419            -0.510            -2.310    -188.824      92.372                   0.000                0.000 23 2FDT
-198.886    -87.456     12.759           0.861          4.399                    2.231    -52.887          4.009              4.192            -0.526            -3.668    -178.025      95.225                   0.000                0.000 24 2FDT
-217.952    -89.874      8.487           0.821          1.651                    1.436    -48.695          3.937              3.239             0.000             0.000    -187.540      88.586                   0.000                0.000 25 2FDT
-214.466    -83.614      6.083           0.877          2.918                    0.549    -48.954          3.976              3.993            -0.402             0.000    -190.934      91.044                   0.000                0.000 26 2FDT
-204.576    -88.684      8.053           0.875          3.750                    1.864    -50.688          4.143              5.223            -0.510             0.000    -179.529      90.926                   0.000                0.000 27 2FDT
-213.995    -89.759      7.202           0.927          2.417                    0.207    -53.308          4.218              3.278            -0.470             0.000    -178.131      89.423                   0.000                0.000 28 2FDT
-209.231    -79.728      6.583           0.875          4.857                    1.224    -52.355          3.535              2.273            -0.470            -4.451    -180.285      88.711                   0.000                0.000 29 2FDT
-197.899    -89.513      9.981           0.754          2.599                    0.552    -52.683          2.105              2.641            -0.187            -4.536    -161.262      91.649                   0.000                0.000 2 2FDT
-211.451    -89.453      6.435           0.848          2.965                    1.629    -53.787          2.857              2.996             0.000             0.000    -170.697      84.756                   0.000                0.000 30 2FDT
-206.585    -91.521      8.880           0.764          2.551                    0.803    -54.314          3.129              3.348             0.000             0.000    -178.046      97.822                   0.000                0.000 3 2FDT
-220.887    -93.266      9.418           0.809          2.444                    0.830    -53.467          2.031              4.622            -0.607            -4.313    -191.497     102.110                   0.000                0.000 4 2FDT
-226.614    -92.189      8.309           2.396          2.917                    1.009    -46.347          4.146              2.262            -2.419            -4.450    -195.966      93.719                   0.000                0.000 5 2FDT
-225.995    -93.260      7.388           2.776          3.222                    0.198    -45.323          3.408              2.779            -3.972            -4.459    -195.842      97.090                   0.000                0.000 6 2FDT
-227.040    -92.683      6.853           2.775          3.130                    0.589    -45.914          3.399              2.096            -3.266            -4.322    -196.201      96.503                   0.000                0.000 7 2FDT
-226.156    -94.045      7.506           2.268          3.236                    0.213    -46.642          3.442              2.296            -2.634            -4.263    -193.091      95.558                   0.000                0.000 8 2FDT
-228.365    -88.940      6.542           1.703          4.116                    1.400    -46.132          4.318              3.961            -1.491           -20.304    -193.486      99.948                   0.000                0.000 9 2FDT
