   score     fa_atr     fa_rep    fa_intra_rep    lk_nonpolar    fa_elec_rna_phos_phos    ch_bond    rna_torsion    rna_sugar_close    hbond_sr_bb_sc    hbond_lr_bb_sc    hbond_sc    geom_sol    atom_pair_constraint    linear_chainbreak       conformation id
-153.066    -67.804      5.210           0.727          4.222                    1.549    -40.559          2.649              3.005            -0.226             0.000    -134.263      72.424                   0.000                0.000 10 2JWV
-162.093    -71.237      5.028           1.540          3.699                    0.649    -37.884          3.642              4.075            -1.300           -13.286    -125.583      68.564                   0.000                0.000 11 2JWV
-168.787    -73.201      4.888           0.610          1.442                    1.545    -42.855          1.370              3.682            -0.325             0.000    -146.247      80.303                   0.000                0.000 12 2JWV
-156.645    -71.972      5.174           0.982          4.679                    0.140    -36.570          4.192              7.350            -0.657           -25.369    -112.929      68.336                   0.000                0.000 13 2JWV
-156.252    -66.241      5.814           0.673          3.390                    0.645    -41.605          3.373              3.611             0.000            -7.983    -125.088      67.158                   0.000                0.000 14 2JWV
-164.456    -68.350      4.707           0.671          3.538                    0.720    -40.052          2.221              2.671             0.000            -4.657    -138.322      72.396                   0.000                0.000 15 2JWV
-166.614    -71.819      5.678           0.993          2.626                    0.952    -41.688          2.819              4.208            -0.296            -3.897    -137.940      71.751                   0.000                0.000 16 2JWV
-169.441    -74.902      5.133           0.619          2.970                    0.543    -44.044          0.781              1.999             0.000            -3.158    -131.519      72.137                   0.000                0.000 17 2JWV
-162.419    -74.337      5.778           0.716          3.340                    0.929    -44.817          2.860              3.150             0.000             0.000    -126.990      66.953                   0.000                0.000 18 2JWV
-165.180    -69.408      6.374           0.719          2.305                    0.886    -40.309          2.473              2.718            -0.241            -4.408    -136.667      70.378                   0.000                0.000 19 2JWV
-150.451    -72.008     10.253           0.597          1.575                    1.078    -42.022          1.662              2.845            -0.291            -3.354    -134.863      84.076                   0.000                0.000 1 2JWV
-170.259    -71.572      5.377           0.743          2.618                    1.768    -44.759          4.146              3.163             0.000            -3.583    -142.123      73.963                   0.000                0.000 20 2JWV
-161.564    -73.904      7.441           0.648          2.655                    1.286    -41.244          2.385              2.981            -0.235            -4.707    -129.369      70.501                   0.000                0.000 21 2JWV
-167.641    -70.094      6.449           0.662          2.001                    0.561    -43.446          2.357              2.694            -0.386             0.000    -142.986      74.546                   0.000                0.000 22 2JWV
-177.011    -74.478      4.748           0.656          3.217                    0.848    -41.066          2.585              2.663             0.000            -3.528    -146.129      73.472                   0.000                0.000 23 2JWV
-160.730    -69.903      4.750           0.693          2.582                    1.493    -44.279          2.824              2.699             0.000             0.000    -130.251      68.662                   0.000                0.000 24 2JWV
-112.435    -71.037     16.285           0.737          2.807                    1.415    -38.708          3.126              5.550            -0.187             0.000    -117.572      85.151                   0.000                0.000 25 2JWV
-167.968    -71.846      5.407           0.648          2.431                    0.927    -43.052          2.022              3.107            -0.065             0.000    -139.182      71.636                   0.000                0.000 26 2JWV
-152.126    -69.565      5.984           0.674          3.147                    0.152    -40.851          2.366              3.397             0.000             0.000    -121.925      64.494                   0.000                0.000 27 2JWV
-158.396    -70.892      4.318           0.636          2.811                    0.287    -42.428          2.464              3.780            -0.731            -4.028    -125.728      71.115                   0.000                0.000 28 2JWV
-174.483    -75.262      5.071           0.642          2.852                    0.998    -44.159          0.967              2.132             0.000            -1.820    -139.924      74.020                   0.000                0.000 29 2JWV
-158.763    -70.971      4.794           1.852          3.648                    0.718    -37.405          2.364              2.921            -2.421            -3.635    -135.701      75.073                   0.000                0.000 2 2JWV
-146.483    -65.157      6.573           0.697          2.320                    2.035    -41.625          3.679              2.672             0.000             0.000    -119.745      62.069                   0.000                0.000 30 2JWV
-170.256    -76.268     10.168           0.622          1.471                    0.739    -42.913          1.945              3.166            -0.714            -4.720    -143.980      80.228                   0.000                0.000 3 2JWV
-161.644    -74.288      7.853           1.254          4.216                    0.302    -38.767          2.269              4.577            -1.260            -7.748    -136.276      76.225                   0.000                0.000 4 2JWV
-151.531    -69.467      5.245           1.674          4.120                    1.273    -39.855          3.113              5.295            -2.216            -4.106    -121.270      64.663                   0.000                0.000 5 2JWV
-169.853    -72.821      5.059           1.286          2.559                    1.585    -37.583          3.312              1.591            -0.339            -3.494    -139.944      68.936                   0.000                0.000 6 2JWV
-153.603    -72.695      7.166           1.615          3.090                    0.641    -36.205          2.523              2.312            -2.409            -3.907    -130.455      74.721                   0.000                0.000 7 2JWV
-146.719    -71.186      6.967           0.632          2.961                    1.014    -37.991          1.441              2.621             0.000            -4.113    -118.032      68.968                   0.000                0.000 8 2JWV
-156.655    -68.935      4.648           0.683          2.857                    1.125    -40.978          3.254              3.920             0.000             0.000    -132.657      69.428                   0.000                0.000 9 2JWV
