   score     fa_atr     fa_rep    fa_intra_rep    lk_nonpolar    fa_elec_rna_phos_phos    ch_bond    rna_torsion    rna_sugar_close    hbond_sr_bb_sc    hbond_lr_bb_sc    hbond_sc    geom_sol    atom_pair_constraint    linear_chainbreak       conformation id
-148.381    -58.492      3.435           0.484          2.162                    0.702    -33.013          0.773              1.447             0.000            -3.247    -122.887      60.255                   0.000                0.000 10 2K66
-149.961    -58.663      3.764           0.485          1.835                    0.622    -31.636          0.961              1.675             0.000            -2.032    -126.665      59.693                   0.000                0.000 11 2K66
-149.629    -58.408      3.238           0.482          2.165                   -0.084    -33.484          0.893              2.002             0.000             0.000    -128.294      61.860                   0.000                0.000 12 2K66
-149.219    -59.097      3.475           0.490          2.216                    0.119    -32.902          1.211              1.320             0.000            -3.357    -121.656      58.963                   0.000                0.000 13 2K66
-148.174    -59.005      3.392           0.474          2.059                    0.194    -32.801          0.636              1.878             0.000            -3.048    -122.321      60.367                   0.000                0.000 14 2K66
-148.958    -58.837      3.416           0.481          2.145                    0.628    -32.579          1.069              1.715             0.000            -3.379    -121.906      58.289                   0.000                0.000 15 2K66
-148.248    -59.207      3.488           0.476          2.311                    0.508    -32.534          0.987              1.791             0.000            -3.574    -121.526      59.031                   0.000                0.000 16 2K66
-148.269    -59.152      3.527           0.499          1.912                    0.368    -30.834          1.767              1.335             0.000            -3.259    -120.348      55.916                   0.000                0.000 17 2K66
-148.242    -59.251      3.699           0.494          2.108                    0.622    -33.755          1.656              2.734             0.000            -4.264    -120.104      57.817                   0.000                0.000 18 2K66
-149.357    -57.849      3.138           0.480          1.677                    0.482    -32.342          0.940              1.958            -0.278             0.000    -127.918      60.355                   0.000                0.000 19 2K66
-140.376    -58.273      5.122           0.611          2.091                    0.866    -31.049          3.735              1.425            -1.848             0.000    -124.969      61.913                   0.000                0.000 1 2K66
-146.892    -57.700      3.244           0.484          2.025                    0.445    -31.839          1.017              1.875             0.000             0.000    -128.357      61.913                   0.000                0.000 20 2K66
-136.580    -52.942      3.897           0.516          1.403                    1.096    -30.132          2.044              1.882             0.000            -4.922    -112.799      53.378                   0.000                0.000 21 2K66
-121.987    -47.585      3.622           0.488          2.911                    0.117    -29.472          3.598              1.871            -0.424             0.000    -110.438      53.323                   0.000                0.000 22 2K66
-138.161    -56.900      6.522           0.505          1.223                    0.941    -29.770          2.190              3.041             0.000            -4.237    -125.878      64.202                   0.000                0.000 23 2K66
-124.857    -48.700      3.865           0.760          3.678                    0.991    -32.513          2.489              1.778             0.000             0.000    -108.796      51.592                   0.000                0.000 24 2K66
-130.654    -51.230      3.343           0.777          3.336                    0.661    -31.592          2.429              1.948             0.000            -4.004    -110.529      54.208                   0.000                0.000 25 2K66
-129.503    -53.004      4.327           0.666          1.944                    1.030    -32.605          3.408              2.011             0.000             0.000    -109.435      52.156                   0.000                0.000 26 2K66
-120.214    -47.644      3.095           1.035          2.609                    1.467    -28.571          2.700              2.605             0.000            -4.381    -100.222      47.092                   0.000                0.000 27 2K66
-123.268    -43.299      4.850           0.756          2.086                    1.077    -27.432          3.265              2.178             0.000            -4.672    -115.609      53.533                   0.000                0.000 28 2K66
-109.324    -48.067      6.174           0.957          4.863                    1.329    -30.422          3.109              3.564            -0.185            -3.091    -106.020      58.465                   0.000                0.000 29 2K66
-139.329    -56.424      4.547           0.583          1.925                    0.151    -30.850          3.641              1.827            -0.746            -3.794    -120.342      60.154                   0.000                0.000 2 2K66
-125.593    -48.894      3.631           0.675          3.595                    1.942    -33.290          6.624              1.791             0.000             0.000    -110.605      48.937                   0.000                0.000 30 2K66
-138.213    -57.788      4.954           0.548          1.800                    0.416    -31.279          3.978              1.610            -1.398             0.000    -120.174      59.120                   0.000                0.000 3 2K66
-138.693    -57.919      4.947           0.553          1.995                    0.316    -31.630          3.780              1.505            -1.803            -3.737    -119.884      63.183                   0.000                0.000 4 2K66
-134.856    -58.001      4.737           0.700          2.274                    0.133    -32.374          4.001              1.495            -1.146            -3.593    -115.499      62.415                   0.000                0.000 5 2K66
-141.480    -57.714      4.511           0.573          1.599                    0.827    -31.172          4.318              2.222            -1.126            -3.743    -120.418      58.643                   0.000                0.000 6 2K66
-128.944    -58.249      3.921           1.365          2.365                    1.047    -26.576          2.805              1.085            -1.337            -4.988    -102.618      52.234                   0.000                0.000 7 2K66
-147.445    -58.465      3.313           0.474          2.131                    0.722    -32.738          0.696              2.103             0.000            -3.192    -122.897      60.408                   0.000                0.000 8 2K66
-148.553    -58.570      3.121           0.490          2.069                    0.819    -33.137          1.531              2.222             0.000            -3.697    -120.064      56.664                   0.000                0.000 9 2K66
