   score     fa_atr     fa_rep    fa_intra_rep    lk_nonpolar    fa_elec_rna_phos_phos    ch_bond    rna_torsion    rna_sugar_close    hbond_sr_bb_sc    hbond_lr_bb_sc    hbond_sc    geom_sol    atom_pair_constraint    linear_chainbreak       conformation id
 -89.917    -33.088      2.147           0.345          1.067                    0.132    -19.488          1.231              1.679             0.000             0.000     -80.656      36.714                   0.000                0.000 10 2KOC
 -91.610    -31.907      2.073           0.342          0.847                   -0.030    -18.765          1.252              0.886             0.000             0.000     -80.573      34.265                   0.000                0.000 11 2KOC
 -89.699    -34.532      3.065           0.502          0.791                    0.334    -19.278          1.139              2.119             0.000             0.000     -80.624      36.785                   0.000                0.000 12 2KOC
 -91.200    -30.141      2.528           0.347          0.711                    0.579    -18.507          1.089              0.742             0.000             0.000     -82.595      34.047                   0.000                0.000 13 2KOC
 -88.193    -34.309      2.192           0.306          0.987                    0.197    -20.787          0.519              1.389             0.000             0.000     -75.300      36.613                   0.000                0.000 14 2KOC
 -89.763    -32.207      2.084           1.004          1.124                    0.355    -19.033          2.516              3.568             0.000             0.000     -84.915      35.740                   0.000                0.000 15 2KOC
 -86.735    -31.478      1.843           0.795          1.389                    0.359    -17.485          1.706              1.932             0.000             0.000     -80.428      34.631                   0.000                0.000 16 2KOC
 -89.711    -30.561      3.441           0.396          0.542                    0.444    -18.015          1.506              2.645             0.000             0.000     -87.187      37.079                   0.000                0.000 17 2KOC
 -84.115    -31.129      2.105           0.334          1.134                    0.453    -18.854          0.941              1.299             0.000             0.000     -74.655      34.256                   0.000                0.000 18 2KOC
 -83.155    -33.102      4.305           0.333          1.676                    0.545    -20.045          1.490              1.206             0.000            -4.233     -70.888      35.558                   0.000                0.000 19 2KOC
 -92.607    -33.276      2.356           0.351          0.426                    0.863    -18.901          1.968              1.416             0.000             0.000     -81.591      33.780                   0.000                0.000 1 2KOC
 -82.576    -31.753      3.577           0.449          1.430                    0.601    -20.344          1.016              1.399            -0.275             0.000     -75.609      36.933                   0.000                0.000 20 2KOC
 -87.262    -31.836      2.892           0.319          1.991                    0.562    -20.635          0.825              1.168             0.000             0.000     -79.504      36.953                   0.000                0.000 21 2KOC
 -80.813    -31.588      2.835           0.678          2.383                    1.040    -18.280          2.403              1.278             0.000             0.000     -76.613      35.051                   0.000                0.000 22 2KOC
 -73.015    -29.649      8.526           0.327          1.509                    0.758    -18.312          1.193              0.600             0.000             0.000     -70.493      32.527                   0.000                0.000 23 2KOC
 -90.949    -33.217      2.470           0.601          1.194                    1.203    -20.500          0.958              0.699             0.000             0.000     -79.755      35.399                   0.000                0.000 24 2KOC
 -77.336    -29.633      2.013           0.469          2.603                    0.316    -18.726          2.898              1.017             0.000             0.000     -70.119      31.827                   0.000                0.000 25 2KOC
 -84.698    -33.073      2.773           0.530          1.231                    0.326    -18.787          1.282              1.145             0.000             0.000     -74.997      34.871                   0.000                0.000 26 2KOC
 -73.485    -28.552      3.165           0.626          2.178                    1.404    -19.111          1.289              1.816             0.000             0.000     -70.324      34.022                   0.000                0.000 27 2KOC
 -71.232    -25.829      2.766           0.618          1.425                    0.507    -15.380          3.142              4.481            -0.272             0.000     -79.940      37.250                   0.000                0.000 28 2KOC
 -59.017    -22.668      6.255           0.468          3.389                    1.604    -20.205          2.102              3.256            -0.105            -4.977     -61.947      33.810                   0.000                0.000 29 2KOC
 -91.002    -34.251      2.249           0.334          0.486                    0.721    -19.053          1.513              1.178             0.000             0.000     -77.403      33.225                   0.000                0.000 2 2KOC
 -76.919    -25.468      2.763           0.586          1.439                    0.769    -20.282          3.820              1.172             0.000             0.000     -74.819      33.101                   0.000                0.000 30 2KOC
 -93.029    -33.161      2.083           0.331          0.475                    0.687    -18.953          1.935              1.219             0.000             0.000     -82.496      34.850                   0.000                0.000 3 2KOC
 -90.493    -33.137      2.899           0.309          0.524                    0.520    -18.855          1.406              0.896            -0.619             0.000     -81.110      36.675                   0.000                0.000 4 2KOC
 -85.769    -33.612      2.905           0.316          0.723                    0.184    -19.593          1.341              1.162             0.000             0.000     -75.205      36.012                   0.000                0.000 5 2KOC
 -87.719    -34.148      2.369           0.308          0.726                    0.368    -20.170          0.603              1.100            -0.179             0.000     -76.640      37.945                   0.000                0.000 6 2KOC
 -89.908    -32.739      2.398           0.313          0.648                    0.316    -19.912          0.710              1.282             0.000             0.000     -81.372      38.448                   0.000                0.000 7 2KOC
 -92.587    -33.877      2.583           0.401          0.516                   -0.018    -17.435          1.976              1.256             0.000             0.000     -80.364      32.374                   0.000                0.000 8 2KOC
 -91.367    -34.584      2.331           0.323          0.748                    0.003    -19.940          1.134              1.789             0.000             0.000     -80.076      36.905                   0.000                0.000 9 2KOC
