   score     fa_atr     fa_rep    fa_intra_rep    lk_nonpolar    fa_elec_rna_phos_phos    ch_bond    rna_torsion    rna_sugar_close    hbond_sr_bb_sc    hbond_lr_bb_sc    hbond_sc    geom_sol    atom_pair_constraint    linear_chainbreak       conformation id
-106.023    -38.896      3.147           0.399          0.931                   -0.347    -24.055          1.261              1.385             0.000            -4.693     -89.426      44.272                   0.000                0.000 10 2LBJ
-110.521    -43.344      3.033           0.409          1.710                    0.477    -22.896          1.156              2.727             0.000            -3.430     -95.549      45.187                   0.000                0.000 11 2LBJ
-109.162    -42.797      2.884           0.375          0.497                    0.360    -23.762          1.125              1.595             0.000             0.000     -94.522      45.084                   0.000                0.000 12 2LBJ
-108.260    -43.213      2.890           0.386          1.323                    0.371    -23.012          1.347              1.567             0.000            -3.995     -90.529      44.606                   0.000                0.000 13 2LBJ
-102.852    -40.091      4.112           0.368          0.887                    0.534    -23.095          1.632              1.534             0.000             0.000     -97.612      48.878                   0.000                0.000 14 2LBJ
-108.062    -42.697      3.252           0.376          0.437                    0.524    -24.751          1.271              1.698            -0.358             0.000     -90.713      42.901                   0.000                0.000 15 2LBJ
-110.004    -42.241      2.798           0.380          0.817                    0.420    -23.556          1.117              1.823             0.000             0.000     -95.075      43.513                   0.000                0.000 16 2LBJ
-110.359    -41.879      3.298           0.388          1.253                    0.582    -24.205          0.921              1.915            -0.158             0.000     -99.672      47.199                   0.000                0.000 17 2LBJ
-106.411    -42.961      3.122           0.378          2.140                    0.700    -23.985          1.088              1.104            -0.388            -4.876     -85.332      42.598                   0.000                0.000 18 2LBJ
-110.458    -42.623      3.498           0.363          1.176                    0.717    -23.959          1.121              2.255            -0.384            -7.872     -91.518      46.768                   0.000                0.000 19 2LBJ
 -85.569    -38.696      7.020           0.415          0.242                    0.977    -19.828          3.161              1.248            -1.756             0.000     -85.172      46.821                   0.000                0.000 1 2LBJ
 -96.596    -37.692      3.264           0.377          2.126                    0.832    -23.834          1.166              1.107             0.000             0.000     -86.834      42.891                   0.000                0.000 20 2LBJ
-107.268    -43.105      3.061           0.379          2.044                    0.710    -24.835          0.899              1.324             0.000            -4.485     -84.983      41.722                   0.000                0.000 21 2LBJ
-103.632    -37.792      4.775           0.377          3.584                    0.425    -23.944          1.656              1.419             0.000            -9.698     -87.474      43.040                   0.000                0.000 22 2LBJ
 -99.913    -41.972      3.199           0.364          2.057                    0.639    -25.943          0.646              0.844            -0.333             0.000     -79.920      40.506                   0.000                0.000 23 2LBJ
 -96.453    -41.826      2.905           0.359          1.902                    0.136    -22.447          0.545              1.208             0.000             0.000     -79.533      40.299                   0.000                0.000 24 2LBJ
-102.411    -40.235      3.387           0.421          2.109                    0.413    -26.637          2.265              1.643            -0.420             0.000     -84.260      38.901                   0.000                0.000 25 2LBJ
 -97.604    -41.310      2.909           0.356          1.878                    0.440    -24.554          0.845              1.281             0.000             0.000     -80.601      41.152                   0.000                0.000 26 2LBJ
 -99.419    -41.668      3.000           0.430          1.484                    1.035    -22.609          1.158              1.140             0.000             0.000     -85.665      42.276                   0.000                0.000 27 2LBJ
-105.493    -41.141      2.647           0.379          1.682                    0.373    -24.907          0.784              1.260             0.000             0.000     -90.743      44.174                   0.000                0.000 28 2LBJ
-102.119    -37.675      2.496           0.392          0.710                    0.474    -22.025          1.461              1.229            -0.230             0.000     -92.203      43.252                   0.000                0.000 29 2LBJ
 -77.713    -36.445      6.145           0.415          0.743                    0.772    -22.192          2.970              1.399            -1.389             0.000     -69.938      39.807                   0.000                0.000 2 2LBJ
 -94.140    -38.777      2.648           0.428          2.236                    0.951    -24.385          1.777              1.633             0.000             0.000     -80.361      39.710                   0.000                0.000 30 2LBJ
 -90.541    -39.177      5.378           0.382          0.142                    0.401    -21.435          2.936              0.720            -1.108             0.000     -80.374      41.595                   0.000                0.000 3 2LBJ
 -87.132    -38.088      5.250           0.454          0.319                    0.694    -21.882          3.235              1.085             0.000            -3.980     -70.563      36.346                   0.000                0.000 4 2LBJ
 -92.170    -40.062      5.606           0.443          0.264                    0.553    -22.923          3.387              0.950            -1.017             0.000     -80.493      41.123                   0.000                0.000 5 2LBJ
 -98.133    -42.194      3.313           0.846          1.594                   -0.106    -20.208          1.972              2.798            -0.886            -3.869     -88.216      46.822                   0.000                0.000 6 2LBJ
-105.111    -42.006      3.020           0.411          1.094                   -0.164    -23.943          1.251              0.846            -0.420             0.000     -90.552      45.352                   0.000                0.000 7 2LBJ
-104.330    -34.863      2.364           0.357          1.645                    0.540    -24.091          2.397              1.640             0.000             0.000     -99.047      44.728                   0.000                0.000 8 2LBJ
-104.300    -42.291      3.254           0.390          0.682                    0.226    -22.921          1.229              1.243            -0.234             0.000     -90.093      44.216                   0.000                0.000 9 2LBJ
