   score     fa_atr     fa_rep    fa_intra_rep    lk_nonpolar    fa_elec_rna_phos_phos    ch_bond    rna_torsion    rna_sugar_close    hbond_sr_bb_sc    hbond_lr_bb_sc    hbond_sc    geom_sol    atom_pair_constraint    linear_chainbreak       conformation id
 -96.234    -40.701      3.410           0.402          0.717                    0.085    -23.188          2.102              1.553            -0.378             0.000     -83.223      42.987                   0.000                0.000 10 2LBL
 -99.891    -38.782      2.860           0.516          1.232                    0.071    -23.861          1.876              2.200             0.000             0.000     -87.021      41.016                   0.000                0.000 11 2LBL
 -98.059    -37.130      2.283           0.388          1.131                   -0.061    -21.883          1.388              1.741             0.000             0.000     -88.344      42.430                   0.000                0.000 12 2LBL
-102.080    -39.429      3.141           0.428          0.998                    0.543    -23.133          1.825              1.864             0.000             0.000     -87.356      39.039                   0.000                0.000 13 2LBL
 -99.704    -40.795      3.027           0.380          1.483                    1.070    -26.253          1.343              1.715             0.000            -4.657     -79.757      42.739                   0.000                0.000 14 2LBL
-100.266    -40.914      2.450           0.379          1.617                    0.295    -23.758          0.866              1.200             0.000             0.000     -84.838      42.437                   0.000                0.000 15 2LBL
 -99.389    -37.986      3.012           0.459          1.347                    0.639    -23.784          1.542              1.597             0.000            -4.602     -83.906      42.294                   0.000                0.000 16 2LBL
 -99.304    -37.634      2.275           0.402          0.881                    0.469    -23.308          1.683              2.129             0.000             0.000     -85.238      39.038                   0.000                0.000 17 2LBL
 -98.288    -38.497      2.517           0.390          1.133                    0.106    -22.009          1.299              1.090             0.000             0.000     -84.588      40.273                   0.000                0.000 18 2LBL
 -96.318    -39.786      3.331           0.453          1.635                    0.516    -23.063          1.648              0.585             0.000             0.000     -79.068      37.431                   0.000                0.000 19 2LBL
 -93.029    -39.536      3.034           0.428          0.056                    1.004    -23.725          2.667              0.797            -0.418             0.000     -70.428      33.093                   0.000                0.000 1 2LBL
-103.328    -38.020      3.525           0.381          1.706                    0.397    -22.090          1.293              0.912             0.000            -6.873     -90.793      46.234                   0.000                0.000 20 2LBL
 -97.825    -38.624      3.432           0.400          2.182                    0.332    -25.070          1.218              2.024             0.000             0.000     -85.125      41.404                   0.000                0.000 21 2LBL
 -92.382    -37.414      3.175           0.422          2.150                    0.365    -24.247          1.700              0.951             0.000             0.000     -77.962      38.480                   0.000                0.000 22 2LBL
 -93.974    -36.013      2.578           0.430          1.418                    0.655    -22.388          1.585              1.855             0.000             0.000     -85.381      41.289                   0.000                0.000 23 2LBL
 -96.614    -40.462      3.421           0.454          1.378                    0.163    -23.896          1.816              1.923             0.000             0.000     -80.504      39.091                   0.000                0.000 24 2LBL
 -92.846    -37.914      2.240           0.367          1.675                    0.559    -24.893          0.890              1.210             0.000             0.000     -75.475      38.495                   0.000                0.000 25 2LBL
 -96.908    -40.319      2.771           0.394          1.743                    0.687    -25.962          0.845              1.416             0.000             0.000     -79.128      40.644                   0.000                0.000 26 2LBL
 -98.564    -37.895      3.239           0.580          1.662                    0.738    -22.447          1.536              1.810             0.000             0.000     -89.984      42.195                   0.000                0.000 27 2LBL
 -93.653    -34.407      4.294           0.747          4.032                   -0.221    -18.873          2.253              2.289             0.000            -4.949     -89.677      40.857                   0.000                0.000 28 2LBL
 -86.115    -34.865      3.361           0.528          3.878                    1.749    -27.166          2.199              2.097             0.000            -8.533     -68.661      39.298                   0.000                0.000 29 2LBL
 -96.089    -40.813      3.582           0.411          0.721                    0.859    -25.582          2.524              0.494            -0.406             0.000     -74.007      36.128                   0.000                0.000 2 2LBL
 -87.495    -36.038      3.744           0.486          2.078                    0.050    -25.344          1.865              2.280             0.000            -4.665     -69.126      37.176                   0.000                0.000 30 2LBL
 -97.351    -41.679      3.767           0.426          0.589                    1.122    -25.681          2.764              0.860            -0.284             0.000     -75.737      36.503                   0.000                0.000 3 2LBL
 -96.704    -39.837      3.244           0.443          0.548                    1.076    -24.120          2.901              0.803             0.000             0.000     -75.531      33.769                   0.000                0.000 4 2LBL
 -89.212    -41.040      4.098           0.449          0.742                    1.263    -26.120          2.964              0.686             0.000             0.000     -64.981      32.729                   0.000                0.000 5 2LBL
 -88.913    -36.726      2.939           0.417          0.950                    0.418    -23.390          1.761              1.316            -0.480             0.000     -75.098      38.980                   0.000                0.000 6 2LBL
 -91.554    -40.402      4.268           1.125          1.291                    0.629    -21.293          2.051              2.791            -1.513            -4.047     -78.216      41.763                   0.000                0.000 7 2LBL
 -96.379    -38.210      2.908           0.419          1.044                    0.100    -23.870          1.398              1.850             0.000             0.000     -80.562      38.544                   0.000                0.000 8 2LBL
 -95.156    -39.714      3.618           0.399          1.858                   -0.394    -24.259          0.919              0.715             0.000            -4.827     -74.613      41.143                   0.000                0.000 9 2LBL
