   score     fa_atr     fa_rep    fa_intra_rep    lk_nonpolar    fa_elec_rna_phos_phos    ch_bond    rna_torsion    rna_sugar_close    hbond_sr_bb_sc    hbond_lr_bb_sc    hbond_sc    geom_sol    atom_pair_constraint    linear_chainbreak       conformation id
-156.454    -67.076      4.079           1.207          4.180                    1.073    -38.797          2.994              3.391            -1.167            -3.504    -129.198      66.363                   0.000                0.000 10 2LDL
-148.760    -65.260      4.565           1.713          3.748                    1.090    -40.314          2.905              1.927            -2.359             0.000    -119.640      62.866                   0.000                0.000 11 2LDL
-160.879    -66.297      4.685           0.639          4.127                    0.974    -40.420          1.897              2.875            -0.442            -4.359    -136.073      71.515                   0.000                0.000 12 2LDL
-162.909    -67.339      4.002           0.721          2.758                    0.177    -38.847          1.763              3.809            -0.780             0.000    -140.534      71.361                   0.000                0.000 13 2LDL
-158.682    -70.279      6.828           0.645          2.187                    0.803    -40.480          1.481              2.907             0.000             0.000    -130.917      68.144                   0.000                0.000 14 2LDL
-160.536    -69.109      6.857           0.610          1.969                    0.546    -39.579          1.201              2.238             0.000            -4.405    -131.238      70.376                   0.000                0.000 15 2LDL
-167.340    -66.853      4.155           0.624          2.142                    0.141    -38.850          2.448              2.534            -0.241             0.000    -141.051      67.613                   0.000                0.000 16 2LDL
-166.013    -67.228      5.160           0.708          1.356                    0.747    -39.192          2.116              2.738             0.000             0.000    -143.296      70.878                   0.000                0.000 17 2LDL
-155.983    -62.871      4.123           0.627          3.052                    1.224    -39.909          2.339              2.395             0.000             0.000    -131.144      64.183                   0.000                0.000 18 2LDL
-161.506    -62.060      4.398           0.632          3.749                    0.925    -37.945          2.019              2.630             0.000            -4.458    -140.599      69.202                   0.000                0.000 19 2LDL
-140.400    -65.244      8.452           0.699          3.197                    1.791    -39.952          6.816              5.195            -1.270            -8.517    -123.600      72.034                   0.000                0.000 1 2LDL
-158.297    -66.690      4.027           0.641          1.540                    0.263    -39.402          2.243              2.145            -0.253             0.000    -125.749      62.938                   0.000                0.000 20 2LDL
-163.063    -63.303      4.064           0.616          3.062                    0.294    -39.347          1.924              2.037             0.000            -3.185    -135.461      66.237                   0.000                0.000 21 2LDL
-160.898    -63.546      4.086           0.737          1.227                    1.722    -38.632          2.761              2.181             0.000             0.000    -135.583      64.149                   0.000                0.000 22 2LDL
-157.089    -64.415      6.320           0.719          3.145                    0.881    -37.374          2.621              2.747             0.000            -3.210    -137.527      69.003                   0.000                0.000 23 2LDL
-162.937    -67.917      4.856           0.812          2.435                    1.043    -39.072          2.698              1.722            -0.701             0.000    -135.539      66.728                   0.000                0.000 24 2LDL
-161.341    -65.449      4.295           0.654          2.253                   -0.788    -39.662          2.264              1.715            -0.535            -4.961    -131.111      69.985                   0.000                0.000 25 2LDL
-163.885    -65.127      4.643           0.746          3.347                    1.133    -40.798          2.341              2.732             0.000             0.000    -141.982      69.082                   0.000                0.000 26 2LDL
-135.215    -59.315      6.139           0.722          3.931                    1.098    -37.085          2.320              2.337             0.000             0.000    -120.471      65.111                   0.000                0.000 27 2LDL
-140.625    -57.878      5.812           1.472          5.001                    1.454    -35.354          3.706              4.774             0.000            -4.834    -127.065      62.287                   0.000                0.000 28 2LDL
-164.483    -65.908      6.651           0.898          2.297                    0.445    -40.736          2.917              2.520            -0.402             0.000    -141.531      68.367                   0.000                0.000 29 2LDL
-145.335    -66.049      7.804           0.721          2.791                    2.400    -37.980          6.774              4.844            -2.299            -3.976    -128.436      68.072                   0.000                0.000 2 2LDL
-157.770    -66.559      4.822           0.615          2.493                   -0.256    -40.623          2.048              2.268             0.000             0.000    -130.492      67.913                   0.000                0.000 30 2LDL
-135.005    -64.414      7.061           0.641          2.362                    1.307    -38.640          7.287              5.303            -1.128             0.000    -124.180      69.396                   0.000                0.000 3 2LDL
-136.582    -66.013      8.802           0.617          2.751                    2.180    -38.324          6.504              5.493            -2.341             0.000    -128.714      72.461                   0.000                0.000 4 2LDL
-136.147    -66.548      7.194           0.662          2.502                    2.174    -38.068          6.716              4.820            -1.107             0.000    -123.685      69.193                   0.000                0.000 5 2LDL
-140.083    -65.939      4.273           1.191          2.743                    0.700    -33.409          5.171              5.030            -0.719            -4.403    -117.627      62.905                   0.000                0.000 6 2LDL
-150.843    -68.249      6.048           1.081          3.351                    0.428    -35.925          3.596              4.713            -0.841            -5.011    -130.732      70.697                   0.000                0.000 7 2LDL
-148.892    -65.920      4.617           1.284          2.572                   -0.002    -33.177          3.973              5.584            -1.241            -4.457    -129.336      67.211                   0.000                0.000 8 2LDL
-149.571    -67.964      4.630           1.601          4.358                    1.487    -37.502          5.998              3.872            -1.598            -3.574    -127.823      66.945                   0.000                0.000 9 2LDL
