   score     fa_atr     fa_rep    fa_intra_rep    lk_nonpolar    fa_elec_rna_phos_phos    ch_bond    rna_torsion    rna_sugar_close    hbond_sr_bb_sc    hbond_lr_bb_sc    hbond_sc    geom_sol    atom_pair_constraint    linear_chainbreak       conformation id
-155.528    -72.239      5.244           0.976          3.761                    0.332    -37.959          3.418              5.693            -0.314             0.000    -143.694      79.255                   0.000                0.000 10 2LDT
-155.459    -71.267      5.050           1.318          3.815                   -0.068    -37.804          3.699              5.477            -0.759             0.000    -140.713      75.794                   0.000                0.000 11 2LDT
-169.524    -71.718      5.741           0.919          3.165                    0.765    -44.910          8.492              3.159             0.000             0.000    -151.251      76.113                   0.000                0.000 12 2LDT
-146.407    -80.142     17.646           0.673          2.364                    0.840    -39.747          1.825              3.599            -1.036            -4.212    -145.216      96.997                   0.000                0.000 13 2LDT
-164.867    -76.545     12.247           0.678          1.987                    0.892    -40.865          2.553              3.578            -0.777            -4.140    -157.123      92.645                   0.000                0.000 14 2LDT
-169.229    -71.669      7.229           0.959          3.913                    1.747    -42.892          4.615              5.253             0.000            -5.123    -152.045      78.784                   0.000                0.000 15 2LDT
-169.470    -70.350      7.644           1.348          4.339                    1.833    -44.694          5.572              3.365            -0.491            -4.951    -150.972      77.888                   0.000                0.000 16 2LDT
-177.424    -75.225      8.717           0.692          2.592                    0.187    -42.422          2.812              2.345             0.000             0.000    -154.810      77.687                   0.000                0.000 17 2LDT
-170.435    -71.300      5.711           0.814          5.661                    2.478    -44.530          3.543              2.811             0.000            -4.421    -150.202      78.999                   0.000                0.000 18 2LDT
-183.056    -68.917      4.392           0.861          5.295                    1.285    -43.584          3.828              3.217            -0.421             0.000    -164.293      75.282                   0.000                0.000 19 2LDT
-145.747    -80.917     22.336           0.667          1.649                    1.102    -39.493          2.522              4.254            -1.043            -8.712    -145.130      97.018                   0.000                0.000 1 2LDT
-186.535    -77.193      7.906           0.739          5.037                    1.884    -45.598          4.072              4.501             0.000           -11.331    -154.285      77.733                   0.000                0.000 20 2LDT
-181.579    -73.333     10.186           0.786          4.296                    1.614    -41.782          3.608              3.020             0.000            -7.026    -163.320      80.373                   0.000                0.000 21 2LDT
-183.403    -79.962      6.565           0.974          5.184                    1.616    -45.691          2.886              2.688             0.000             0.000    -155.847      78.183                   0.000                0.000 22 2LDT
-175.842    -78.968      5.449           0.679          4.297                    1.113    -45.854          1.427              3.798            -0.442            -8.555    -142.485      83.699                   0.000                0.000 23 2LDT
-192.451    -75.150      5.579           0.783          4.320                    1.756    -43.536          3.262              2.889             0.000           -17.951    -151.238      76.836                   0.000                0.000 24 2LDT
-176.753    -71.480      7.727           1.010          3.831                    0.261    -43.433          2.176              2.952             0.000             0.000    -159.693      79.897                   0.000                0.000 25 2LDT
-193.523    -76.225      5.554           1.059          2.245                    0.936    -46.813          2.960              2.603             0.000             0.000    -164.847      79.005                   0.000                0.000 26 2LDT
-189.331    -79.204      4.818           0.703          2.989                    0.855    -44.487          2.740              2.731            -0.208             0.000    -157.258      76.989                   0.000                0.000 27 2LDT
-170.831    -71.404      5.549           1.485          1.682                    0.593    -33.646          3.587              2.960            -0.987             0.000    -158.199      77.549                   0.000                0.000 2 2LDT
-161.064    -72.190      5.028           2.162          2.707                    0.851    -37.135          3.630              3.184            -2.482             0.000    -142.917      76.097                   0.000                0.000 3 2LDT
-160.957    -71.358      5.587           1.623          3.479                    1.477    -38.487          3.495              2.718            -1.325             0.000    -144.237      76.069                   0.000                0.000 4 2LDT
-157.399    -69.069      4.819           1.329          3.596                    0.833    -34.846          3.132              3.329            -0.847             0.000    -144.193      74.519                   0.000                0.000 5 2LDT
-160.986    -71.136      5.069           1.705          2.836                    0.489    -34.450          3.881              4.250            -1.534             0.000    -146.775      74.679                   0.000                0.000 6 2LDT
-161.982    -72.398      5.057           1.291          2.700                   -0.294    -35.673          3.339              3.584            -0.691             0.000    -145.582      76.684                   0.000                0.000 7 2LDT
-163.064    -72.269      5.548           1.109          2.964                    0.166    -35.900          3.546              3.492            -0.627             0.000    -145.735      74.642                   0.000                0.000 8 2LDT
-154.100    -73.477      7.187           1.290          3.592                    0.017    -35.224          3.226              4.787            -0.719             0.000    -146.550      81.771                   0.000                0.000 9 2LDT
