   score     fa_atr     fa_rep    fa_intra_rep    lk_nonpolar    fa_elec_rna_phos_phos    ch_bond    rna_torsion    rna_sugar_close    hbond_sr_bb_sc    hbond_lr_bb_sc    hbond_sc    geom_sol    atom_pair_constraint    linear_chainbreak       conformation id
-217.268    -95.154      6.258           2.657          2.808                    1.233    -44.860          3.311              2.454            -3.515             0.000    -189.731      97.270                   0.000                0.000 10 2LHP
-210.807    -92.654      8.348           2.313          2.762                    1.248    -46.830          3.446              5.320            -3.536            -3.825    -186.920      99.522                   0.000                0.000 11 2LHP
-202.101    -94.098      9.549           2.171          2.862                    1.144    -48.122          3.213              4.219            -4.181             0.000    -180.295     101.439                   0.000                0.000 12 2LHP
-228.536    -91.620      5.520           0.854          0.482                    2.685    -49.454          6.392              3.319            -1.066             0.000    -194.152      88.504                   0.000                0.000 13 2LHP
-241.577    -92.119      6.608           0.859          1.000                    3.026    -53.944          5.983              3.391            -0.182             0.000    -205.420      89.223                   0.000                0.000 14 2LHP
-204.868    -89.002      6.057           1.895          4.733                    0.156    -47.661          4.451              5.838            -1.597            -4.732    -177.633      92.626                   0.000                0.000 15 2LHP
-191.485    -87.996      6.494           2.384          4.172                    0.612    -50.299          3.984              7.519            -2.952            -4.477    -159.135      88.210                   0.000                0.000 16 2LHP
-220.330    -90.644      6.188           0.857          2.904                    1.077    -49.613          3.653              3.896             0.000             0.000    -187.796      89.148                   0.000                0.000 17 2LHP
-237.993    -90.606      6.736           0.864          1.079                    1.279    -50.416          6.680              3.615            -0.598             0.000    -207.209      90.584                   0.000                0.000 18 2LHP
-226.407    -89.620      9.477           1.849          4.601                   -0.429    -51.606          4.360              3.893            -0.394            -5.015    -202.539      99.015                   0.000                0.000 19 2LHP
-235.159    -92.983      6.330           0.866          0.813                    3.281    -50.991          6.554              3.265             0.000             0.000    -196.943      84.648                   0.000                0.000 1 2LHP
-219.293    -88.466      5.622           1.191          5.300                    2.789    -49.953          6.725              2.915             0.000             0.000    -197.470      92.054                   0.000                0.000 20 2LHP
-224.713    -93.802      6.526           0.850          2.656                    1.061    -53.181          2.462              3.615            -0.243             0.000    -188.154      93.498                   0.000                0.000 21 2LHP
-214.970    -89.638      7.820           0.839          3.171                    0.779    -52.200          7.021              4.105             0.000             0.000    -191.060      94.193                   0.000                0.000 22 2LHP
-232.371    -97.178      6.669           1.093          3.333                   -0.237    -56.459          2.496              3.865            -0.191             0.000    -191.341      95.578                   0.000                0.000 23 2LHP
-222.461    -86.410      6.036           0.884          3.131                    1.216    -55.088          4.078              4.017             0.000             0.000    -189.320      88.994                   0.000                0.000 24 2LHP
-230.283    -96.949      8.815           0.814          2.837                    0.661    -53.204          2.647              4.710             0.000             0.000    -196.387      95.774                   0.000                0.000 25 2LHP
-220.631    -90.556      5.647           0.938          3.601                    1.144    -51.013          3.035              3.171            -0.226             0.000    -192.127      95.756                   0.000                0.000 26 2LHP
-229.326    -93.478      5.745           0.830          2.261                    1.104    -52.541          3.354              4.201            -0.102             0.000    -195.566      94.866                   0.000                0.000 27 2LHP
-218.810    -90.351      6.655           1.258          4.533                    0.132    -52.424          4.521              3.776            -0.308            -4.772    -184.944      93.113                   0.000                0.000 28 2LHP
-241.539    -94.829      6.580           0.958          3.225                   -0.228    -54.005          2.361              3.043             0.000             0.000    -208.314      99.669                   0.000                0.000 29 2LHP
-237.294    -91.726      5.944           0.893          0.886                    2.581    -50.025          6.900              2.913            -0.388             0.000    -201.328      86.055                   0.000                0.000 2 2LHP
-219.482    -82.054      6.996           1.566          6.265                    2.400    -51.331          4.500              3.004             0.000             0.000    -206.522      95.695                   0.000                0.000 30 2LHP
-229.549    -91.651      5.797           0.847          1.134                    2.490    -50.590          5.717              3.234            -0.411             0.000    -196.471      90.353                   0.000                0.000 3 2LHP
-231.094    -91.053      6.469           0.865          0.911                    2.735    -50.410          6.407              3.893             0.000             0.000    -199.659      88.747                   0.000                0.000 4 2LHP
-227.037    -93.971      6.505           2.318          2.189                    1.601    -43.738          3.614              3.936            -3.246             0.000    -201.107      94.861                   0.000                0.000 5 2LHP
-235.512    -91.816      6.187           0.869          1.039                    3.265    -50.322          6.150              2.910            -0.441             0.000    -201.044      87.690                   0.000                0.000 6 2LHP
-228.283    -96.226      5.918           2.587          2.654                    1.064    -43.747          3.031              4.149            -3.448             0.000    -201.575      97.309                   0.000                0.000 7 2LHP
-226.317    -97.970      6.626           3.075          2.757                    0.802    -45.196          3.287              2.958            -4.478             0.000    -197.042      98.863                   0.000                0.000 8 2LHP
-225.796    -95.518      6.049           2.728          2.466                    1.254    -42.579          3.026              4.129            -3.682             0.000    -201.873      98.204                   0.000                0.000 9 2LHP
