   score     fa_atr     fa_rep    fa_intra_rep    lk_nonpolar    fa_elec_rna_phos_phos    ch_bond    rna_torsion    rna_sugar_close    hbond_sr_bb_sc    hbond_lr_bb_sc    hbond_sc    geom_sol    atom_pair_constraint    linear_chainbreak       conformation id
-197.662    -84.002      4.633           2.074          3.935                   -0.006    -38.346          3.077              1.935            -2.519            -4.710    -169.796      86.063                   0.000                0.000 10 2LI4
-204.399    -84.742      5.486           1.916          3.383                    0.939    -40.175          3.714              2.548            -2.336            -4.745    -174.407      84.020                   0.000                0.000 11 2LI4
-186.399    -84.263      7.418           2.024          3.895                    0.253    -39.108          2.610              2.398            -3.280            -4.672    -169.605      95.932                   0.000                0.000 12 2LI4
-202.651    -84.755      4.772           1.975          3.426                    0.738    -37.259          2.929              3.271            -2.547            -5.264    -174.170      84.233                   0.000                0.000 13 2LI4
-197.794    -83.653      4.952           1.769          3.665                    0.530    -36.196          3.025              3.838            -2.229            -4.874    -172.222      83.602                   0.000                0.000 14 2LI4
-200.178    -83.414      4.823           1.484          3.500                    0.725    -36.566          2.448              2.773            -0.995            -4.649    -173.089      82.781                   0.000                0.000 15 2LI4
-192.339    -81.934      4.857           2.075          2.707                    1.115    -40.555          3.643              4.419            -3.004            -4.736    -164.965      84.039                   0.000                0.000 16 2LI4
-212.053    -83.640      5.994           0.760          2.525                    1.909    -44.837          3.200              2.470             0.000            -4.807    -175.968      80.342                   0.000                0.000 17 2LI4
-200.371    -82.083      5.208           0.794          1.716                    1.329    -45.998          2.561              3.821             0.000             0.000    -166.579      78.860                   0.000                0.000 18 2LI4
-194.181    -80.691      9.370           0.764          2.741                   -0.104    -46.129          4.189              5.146             0.000             0.000    -176.431      86.965                   0.000                0.000 19 2LI4
-210.131    -82.539      7.167           0.750          1.946                    1.721    -45.212          2.947              2.218            -0.438             0.000    -180.870      82.179                   0.000                0.000 1 2LI4
-215.262    -86.181      8.693           0.733          2.113                    0.616    -44.953          2.531              3.260             0.000             0.000    -193.159      91.085                   0.000                0.000 20 2LI4
-178.546    -75.035     10.721           1.122          5.569                    2.553    -46.416          8.523             10.713            -0.733           -14.429    -180.003      98.870                   0.000                0.000 21 2LI4
-206.823    -77.961      5.515           0.729          2.995                    1.533    -46.327          5.224              3.153             0.000             0.000    -188.661      86.976                   0.000                0.000 22 2LI4
-224.020    -88.338      7.347           0.708          1.813                    0.412    -48.360          1.350              2.790            -0.179             0.000    -193.746      92.182                   0.000                0.000 23 2LI4
-194.756    -72.525      9.137           1.358          4.132                    1.038    -41.770          4.695              2.779             0.000             0.000    -184.230      80.629                   0.000                0.000 24 2LI4
-222.828    -88.130      5.028           0.720          2.996                    0.765    -49.715          1.888              4.121             0.000             0.000    -190.074      89.572                   0.000                0.000 25 2LI4
-214.303    -85.321      4.903           0.737          1.962                    1.214    -47.014          3.112              2.813             0.000             0.000    -179.029      82.321                   0.000                0.000 26 2LI4
-200.227    -81.867      7.150           0.923          2.624                    2.058    -42.163          3.966              3.928             0.000            -4.883    -171.587      79.624                   0.000                0.000 27 2LI4
-211.584    -81.492      5.385           0.758          2.521                    2.002    -45.144          3.029              1.869             0.000             0.000    -180.904      80.390                   0.000                0.000 2 2LI4
-189.444    -78.994      5.549           1.874          3.544                    0.560    -37.214          4.083              2.993            -2.600            -5.149    -174.737      90.647                   0.000                0.000 3 2LI4
-212.745    -79.569      6.110           0.753          2.425                    1.587    -47.199          3.022              2.280            -0.301             0.000    -184.850      82.999                   0.000                0.000 4 2LI4
-210.763    -82.572      6.515           0.736          1.612                    1.717    -43.633          3.079              1.523            -1.013             0.000    -180.528      81.800                   0.000                0.000 5 2LI4
-170.264    -75.107      4.746           1.789          2.966                    0.627    -38.713          4.287              7.934            -2.353            -3.441    -150.028      77.029                   0.000                0.000 6 2LI4
-159.145    -75.379      4.592           1.590          3.731                    1.386    -36.159          5.209              7.708            -2.531            -4.709    -135.343      70.759                   0.000                0.000 7 2LI4
-188.402    -82.121      6.527           2.306          3.522                    0.680    -37.422          2.824              4.078            -3.627            -4.801    -174.470      94.101                   0.000                0.000 8 2LI4
-203.735    -84.257      4.410           1.715          4.326                    0.216    -38.069          3.197              2.364            -1.758            -5.204    -175.431      84.756                   0.000                0.000 9 2LI4
