   score     fa_atr     fa_rep    fa_intra_rep    lk_nonpolar    fa_elec_rna_phos_phos    ch_bond    rna_torsion    rna_sugar_close    hbond_sr_bb_sc    hbond_lr_bb_sc    hbond_sc    geom_sol    atom_pair_constraint    linear_chainbreak       conformation id
-153.960    -63.821      6.060           0.556          2.598                    0.514    -36.560          1.135              1.926            -0.384             0.000    -129.142      63.158                   0.000                0.000 10 2LK3
-154.267    -62.439      4.154           0.537          2.292                    0.766    -36.455          1.816              2.632            -0.409             0.000    -133.176      66.015                   0.000                0.000 11 2LK3
-157.375    -61.516      4.716           0.580          3.155                    0.984    -35.368          1.827              2.654             0.000            -0.547    -138.680      64.820                   0.000                0.000 12 2LK3
-156.387    -59.518      3.861           0.614          2.310                    1.353    -36.701          2.398              2.118             0.000             0.000    -137.077      64.256                   0.000                0.000 13 2LK3
-157.300    -59.379      3.412           0.564          2.299                    1.335    -35.358          1.234              1.915             0.000             0.000    -138.077      64.756                   0.000                0.000 14 2LK3
-156.578    -62.319      3.987           0.539          2.129                    0.598    -35.535          1.476              2.728             0.000             0.000    -133.564      63.383                   0.000                0.000 15 2LK3
-154.263    -59.403      4.015           0.520          1.623                    0.291    -34.704          2.372              1.788             0.000             0.000    -133.576      62.813                   0.000                0.000 16 2LK3
-152.488    -61.538      4.225           0.530          1.931                    1.049    -35.300          2.076              2.587            -0.239             0.000    -132.862      65.054                   0.000                0.000 17 2LK3
-156.540    -62.859      3.839           0.547          2.287                    0.341    -36.783          1.337              2.356             0.000             0.000    -133.371      65.765                   0.000                0.000 18 2LK3
-145.241    -58.152      3.597           0.548          2.628                    2.008    -33.641          2.557              3.099             0.000             0.000    -125.533      57.648                   0.000                0.000 19 2LK3
-142.634    -58.608      4.777           0.628          3.052                    1.137    -36.262          1.480              2.690             0.000            -3.801    -119.970      62.242                   0.000                0.000 1 2LK3
-139.550    -57.286      5.638           0.640          3.773                    0.941    -36.222          3.792              2.087             0.000            -4.855    -115.087      57.029                   0.000                0.000 20 2LK3
-158.236    -60.879      3.371           0.558          2.542                    0.885    -37.423          1.521              2.882             0.000             0.000    -133.112      61.418                   0.000                0.000 21 2LK3
-141.062    -54.146      4.025           0.538          2.438                    0.346    -34.314          2.381              1.490             0.000            -4.605    -115.942      56.727                   0.000                0.000 22 2LK3
-137.200    -60.426      6.957           0.652          3.548                    0.555    -33.912          0.996              2.566            -0.287            -2.593    -125.378      70.123                   0.000                0.000 23 2LK3
-137.668    -58.126      5.807           0.862          6.288                    3.533    -36.460          3.220              3.721            -0.301             0.000    -129.914      63.702                   0.000                0.000 24 2LK3
-138.501    -60.395      5.469           0.531          2.449                    0.347    -33.419          2.946              2.998            -0.271             0.000    -127.570      68.414                   0.000                0.000 25 2LK3
-135.034    -54.629      4.232           0.542          2.856                    0.861    -38.229          2.834              1.762             0.000            -4.782    -105.735      55.254                   0.000                0.000 26 2LK3
-144.717    -58.646      4.081           0.552          2.752                    0.568    -37.729          1.675              2.405             0.000             0.000    -119.594      59.219                   0.000                0.000 27 2LK3
-151.019    -59.069      4.521           0.610          3.907                    0.941    -35.379          3.556              2.799            -0.654             0.000    -132.990      60.739                   0.000                0.000 28 2LK3
-151.015    -57.105      3.845           0.517          2.457                    0.234    -33.858          1.130              2.002             0.000             0.000    -133.478      63.241                   0.000                0.000 29 2LK3
-142.176    -58.960      4.854           0.563          3.166                    0.989    -36.203          1.306              2.748             0.000            -3.932    -119.744      63.036                   0.000                0.000 2 2LK3
-157.312    -59.995      4.498           0.569          2.461                    0.449    -38.826          1.586              2.556             0.000             0.000    -135.814      65.203                   0.000                0.000 30 2LK3
-137.157    -60.670      6.944           0.500          3.054                    1.001    -35.976          1.602              2.817            -0.472            -3.566    -119.525      67.134                   0.000                0.000 3 2LK3
-150.476    -58.954      4.146           0.518          2.574                    1.209    -37.101          1.424              3.017             0.000            -3.833    -124.237      60.760                   0.000                0.000 4 2LK3
-149.927    -61.870      5.182           1.530          2.998                    0.325    -29.908          2.508              2.822            -1.061            -3.549    -131.300      62.395                   0.000                0.000 5 2LK3
-149.000    -59.364      4.249           1.514          3.274                   -0.141    -30.812          2.578              1.263            -1.764            -4.333    -127.306      61.840                   0.000                0.000 6 2LK3
-152.694    -58.739      4.313           1.303          3.041                   -0.221    -31.791          2.429              1.381            -1.139            -4.271    -131.614      62.614                   0.000                0.000 7 2LK3
-140.886    -58.828      3.787           1.243          2.986                    0.646    -29.756          2.074              1.946            -1.039            -4.675    -118.711      59.441                   0.000                0.000 8 2LK3
-155.630    -62.918      3.641           0.516          2.860                    0.441    -35.787          1.077              2.517             0.000            -3.737    -127.609      63.370                   0.000                0.000 9 2LK3
