   score     fa_atr     fa_rep    fa_intra_rep    lk_nonpolar    fa_elec_rna_phos_phos    ch_bond    rna_torsion    rna_sugar_close    hbond_sr_bb_sc    hbond_lr_bb_sc    hbond_sc    geom_sol    atom_pair_constraint    linear_chainbreak       conformation id
 -94.357    -38.479      2.565           0.387          1.586                    0.828    -24.057          1.686              0.989             0.000             0.000     -75.432      35.569                   0.000                0.000 10 2LP9
 -91.236    -39.592      2.629           0.354          0.865                    0.384    -21.601          1.276              0.856            -0.230             0.000     -75.498      39.321                   0.000                0.000 11 2LP9
 -90.751    -37.876      2.325           0.357          1.434                    0.754    -21.512          1.911              1.385            -0.294             0.000     -75.427      36.191                   0.000                0.000 12 2LP9
 -90.896    -34.060      2.109           0.365          1.711                    0.492    -22.028          1.741              0.864             0.000             0.000     -77.910      35.820                   0.000                0.000 13 2LP9
 -86.716    -36.054      2.535           0.367          2.090                    0.772    -21.567          1.632              0.954             0.000             0.000     -70.069      32.624                   0.000                0.000 14 2LP9
 -92.644    -36.046      3.275           0.374          1.427                    0.684    -22.344          1.486              1.403             0.000             0.000     -80.007      37.104                   0.000                0.000 15 2LP9
 -89.381    -37.226      3.148           0.371          1.988                    0.795    -24.469          1.377              1.188             0.000            -4.308     -68.263      36.017                   0.000                0.000 16 2LP9
 -91.380    -34.011      2.784           0.413          1.601                   -0.097    -20.117          1.991              0.777             0.000            -3.882     -80.032      39.194                   0.000                0.000 17 2LP9
 -92.804    -37.141      3.300           0.446          3.037                    1.164    -21.107          2.899              1.872             0.000           -11.544     -75.848      40.119                   0.000                0.000 18 2LP9
 -86.647    -38.203      3.024           0.480          2.544                    0.109    -24.135          0.920              0.817             0.000             0.000     -69.638      37.435                   0.000                0.000 19 2LP9
 -95.022    -39.817      3.826           0.304          1.685                    0.467    -22.876          4.454              2.631            -0.755            -3.347     -83.784      42.190                   0.000                0.000 1 2LP9
 -84.609    -39.121      4.034           0.357          2.379                    0.780    -23.255          0.966              2.050             0.000             0.000     -69.745      36.946                   0.000                0.000 20 2LP9
 -79.517    -33.610      2.464           0.344          1.554                    0.447    -21.526          1.115              1.263             0.000            -3.832     -64.606      36.872                   0.000                0.000 21 2LP9
 -85.365    -38.499      5.190           0.384          1.425                    0.868    -24.961          1.762              2.066             0.000            -4.541     -70.042      40.983                   0.000                0.000 22 2LP9
 -84.654    -37.588      2.898           0.464          1.719                    0.440    -22.055          1.783              0.878            -0.346             0.000     -63.652      30.804                   0.000                0.000 23 2LP9
 -85.429    -31.921      2.278           0.820          2.830                    0.704    -20.672          2.156              1.474             0.000             0.000     -79.792      36.693                   0.000                0.000 24 2LP9
 -84.703    -32.816      2.653           0.424          1.837                    0.386    -22.321          3.397              1.629             0.000             0.000     -74.389      34.497                   0.000                0.000 25 2LP9
 -88.155    -32.441      3.758           0.425          1.051                    0.459    -20.547          2.028              1.197             0.000             0.000     -84.081      39.998                   0.000                0.000 26 2LP9
 -84.482    -33.920      4.066           0.877          3.096                    0.195    -21.072          3.019              2.061             0.000            -4.806     -75.495      37.495                   0.000                0.000 27 2LP9
 -76.012    -38.025      3.416           0.478          1.267                   -0.048    -22.242          2.157              2.682             0.000             0.000     -58.425      32.729                   0.000                0.000 28 2LP9
 -76.306    -38.648      3.234           0.395          1.730                    0.159    -24.022          1.361              2.807            -0.406             0.000     -58.811      35.894                   0.000                0.000 29 2LP9
 -94.846    -39.153      3.124           0.286          1.674                    0.485    -22.561          4.617              2.431            -0.414            -3.510     -84.412      42.586                   0.000                0.000 2 2LP9
 -85.015    -33.489      3.340           0.407          2.074                    0.865    -25.146          2.015              1.652             0.000             0.000     -74.432      37.698                   0.000                0.000 30 2LP9
 -94.397    -37.720      3.171           1.011          1.857                    0.354    -20.452          3.443              2.799            -1.824            -6.599     -81.643      41.208                   0.000                0.000 3 2LP9
 -91.364    -39.215      3.293           0.894          1.901                    0.548    -19.825          3.352              2.532            -1.299            -6.668     -78.206      41.328                   0.000                0.000 4 2LP9
 -90.003    -37.179      3.118           0.862          1.784                    0.495    -18.883          3.731              3.146            -1.230            -7.097     -80.910      42.160                   0.000                0.000 5 2LP9
 -93.954    -37.533      2.656           0.926          1.848                    0.352    -19.507          3.213              2.038            -1.243            -6.312     -81.122      40.730                   0.000                0.000 6 2LP9
 -87.741    -39.286      4.888           0.373          1.591                   -0.224    -24.223          0.945              2.189            -0.183             0.000     -75.275      41.466                   0.000                0.000 7 2LP9
 -99.395    -38.764      2.695           0.499          1.149                    0.370    -22.440          1.473              1.034             0.000             0.000     -83.939      38.528                   0.000                0.000 8 2LP9
 -89.581    -38.346      3.916           0.370          1.435                    0.039    -23.009          0.810              1.768            -0.286             0.000     -75.649      39.373                   0.000                0.000 9 2LP9
