   score     fa_atr     fa_rep    fa_intra_rep    lk_nonpolar    fa_elec_rna_phos_phos    ch_bond    rna_torsion    rna_sugar_close    hbond_sr_bb_sc    hbond_lr_bb_sc    hbond_sc    geom_sol    atom_pair_constraint    linear_chainbreak       conformation id
-134.054    -60.519      5.024           1.873          4.675                    0.488    -39.686          4.092              5.854            -2.705            -7.856    -112.249      66.954                   0.000                0.000 10 2LQZ
-129.931    -60.977      6.078           1.117          3.691                    0.388    -38.481          3.083              5.209            -1.182            -4.580    -104.730      60.454                   0.000                0.000 11 2LQZ
-137.004    -62.547      5.700           1.576          3.822                    1.016    -39.938          4.128              5.047            -2.956           -12.852    -103.767      63.766                   0.000                0.000 12 2LQZ
-126.155    -62.842      8.484           1.573          3.534                    1.301    -39.410          3.950              6.010            -2.831            -9.063    -106.166      69.304                   0.000                0.000 13 2LQZ
-118.911    -61.603      5.886           1.223          4.464                   -0.249    -40.382          3.675              5.572            -1.481            -4.822     -89.969      58.775                   0.000                0.000 14 2LQZ
-114.369    -57.740      4.252           1.068          3.549                    0.273    -36.582          4.112              8.930            -1.296            -4.568     -94.330      57.964                   0.000                0.000 15 2LQZ
-133.556    -62.000      4.601           3.523          3.861                    2.645    -37.706          4.364              6.434             0.000            -6.863    -127.804      75.389                   0.000                0.000 16 2LQZ
-148.982    -60.666      7.319           0.613          3.050                    1.229    -39.620          2.249              1.220             0.000             0.000    -129.829      65.454                   0.000                0.000 17 2LQZ
-149.095    -63.912     12.728           0.637          3.909                    1.606    -40.742          3.225              3.267             0.000            -8.261    -130.031      68.479                   0.000                0.000 18 2LQZ
-150.891    -65.283      6.999           0.596          1.687                    0.375    -38.606          1.748              2.086             0.000             0.000    -124.774      64.280                   0.000                0.000 19 2LQZ
-140.376    -60.740     10.688           0.639          3.176                    0.204    -42.355          2.366              1.612            -0.843             0.000    -118.671      63.547                   0.000                0.000 1 2LQZ
-163.931    -62.457      4.128           0.830          2.349                    0.627    -36.692          3.530              2.917             0.000             0.000    -145.883      66.720                   0.000                0.000 20 2LQZ
-150.646    -61.357      4.058           0.614          3.037                    0.584    -38.387          2.378              2.574            -0.159             0.000    -129.817      65.829                   0.000                0.000 21 2LQZ
-147.216    -63.717      9.148           0.638          3.030                    0.756    -41.587          2.057              2.371             0.000            -4.065    -123.980      68.131                   0.000                0.000 22 2LQZ
-150.537    -62.014      3.933           0.643          2.887                    0.595    -40.106          1.982              2.384            -0.365             0.000    -125.707      65.232                   0.000                0.000 23 2LQZ
-149.202    -63.905      9.820           1.264          1.552                    1.014    -36.625          3.772              5.207            -0.196             0.000    -136.297      65.193                   0.000                0.000 24 2LQZ
-158.341    -61.510      4.969           0.695          4.247                    0.747    -38.502          2.858              1.796             0.000             0.000    -139.099      65.459                   0.000                0.000 25 2LQZ
-150.047    -60.494      7.747           0.612          2.378                    0.270    -37.451          2.320              2.199             0.000             0.000    -136.489      68.862                   0.000                0.000 26 2LQZ
-163.214    -59.136      5.391           0.858          2.637                    0.556    -36.472          3.167              2.679             0.000            -4.975    -147.623      69.705                   0.000                0.000 27 2LQZ
-149.551    -60.637      6.491           0.607          2.611                    0.145    -39.550          2.141              2.189             0.000             0.000    -130.337      66.789                   0.000                0.000 28 2LQZ
-156.653    -63.976      4.696           0.623          2.301                    0.132    -39.582          2.349              2.743            -0.311             0.000    -130.474      64.847                   0.000                0.000 29 2LQZ
-150.454    -59.405      6.038           0.669          3.320                   -0.190    -41.634          2.382              2.767            -1.072            -4.272    -125.492      66.434                   0.000                0.000 2 2LQZ
-159.594    -66.893      3.958           0.879          2.425                    1.126    -38.751          2.057              2.800             0.000             0.000    -130.415      63.220                   0.000                0.000 30 2LQZ
-152.309    -60.916      5.664           0.682          4.207                    1.179    -41.145          2.340              2.530             0.000            -3.935    -126.050      63.134                   0.000                0.000 3 2LQZ
-142.270    -60.011      5.086           1.782          2.446                    0.973    -34.108          3.177              1.731            -1.557            -2.303    -120.261      60.774                   0.000                0.000 4 2LQZ
-132.218    -62.604      9.227           1.688          2.950                    0.837    -32.268          2.524              2.867            -1.846            -2.481    -124.099      70.988                   0.000                0.000 5 2LQZ
-139.910    -59.705      5.623           2.078          2.487                    0.916    -32.896          2.820              2.237            -2.787            -2.315    -124.218      65.850                   0.000                0.000 6 2LQZ
-136.429    -61.870      3.943           1.446          3.466                    1.050    -36.657          3.531              4.252            -1.805            -8.909    -108.052      63.177                   0.000                0.000 7 2LQZ
-143.891    -61.175      5.905           1.129          4.046                   -0.156    -39.909          3.072              2.157            -0.293            -9.349    -112.809      63.491                   0.000                0.000 8 2LQZ
-141.161    -60.296      4.624           1.603          3.340                    1.332    -37.578          3.697              4.020            -1.008           -12.325    -112.198      63.628                   0.000                0.000 9 2LQZ
