   score     fa_atr     fa_rep    fa_intra_rep    lk_nonpolar    fa_elec_rna_phos_phos    ch_bond    rna_torsion    rna_sugar_close    hbond_sr_bb_sc    hbond_lr_bb_sc    hbond_sc    geom_sol    atom_pair_constraint    linear_chainbreak       conformation id
-287.192   -121.576     11.083           2.655          6.561                    1.476    -66.468          5.311              4.760            -2.142           -12.788    -247.766     131.702                   0.000                0.000 10 2LU0
-283.782   -124.075     10.211           2.691          7.244                    2.277    -64.540          5.639              6.955            -1.896            -9.699    -249.201     130.613                   0.000                0.000 11 2LU0
-294.385   -126.299     11.136           2.858          6.763                    2.476    -67.932          5.918              7.659            -2.675           -18.250    -254.816     138.779                   0.000                0.000 12 2LU0
-290.955   -125.312      9.654           2.911          6.539                    2.981    -65.805          5.367              5.387            -2.296            -8.304    -251.075     128.999                   0.000                0.000 13 2LU0
-266.474   -118.602      9.247           2.770          8.664                    1.771    -70.772          5.963              7.332            -1.776           -14.043    -217.179     120.149                   0.000                0.000 14 2LU0
-262.034   -121.552      9.616           2.942          7.495                    2.822    -68.946          6.481              8.881            -2.150           -18.866    -209.118     120.362                   0.000                0.000 15 2LU0
-291.548   -121.781     13.256           1.218          3.920                    1.829    -73.803          4.344              3.463             0.000             0.000    -248.897     124.904                   0.000                0.000 16 2LU0
-287.202   -118.025     10.033           1.273          5.248                    1.608    -75.099          4.223              3.686            -0.303            -8.259    -236.420     124.833                   0.000                0.000 17 2LU0
-275.462   -116.384     13.245           1.277          4.025                    2.181    -69.976          4.499              3.391             0.000            -4.368    -242.853     129.501                   0.000                0.000 18 2LU0
-278.503   -120.219     12.078           1.174          3.757                    2.394    -76.380          4.879              2.653            -0.779             0.000    -229.824     121.764                   0.000                0.000 19 2LU0
-307.644   -122.994     12.309           1.178          3.642                    3.075    -74.324          4.902              3.349            -0.287            -4.165    -259.898     125.569                   0.000                0.000 1 2LU0
-293.301   -119.613     11.651           1.286          3.982                    1.507    -74.168          4.476              4.022            -0.789            -9.624    -241.932     125.902                   0.000                0.000 20 2LU0
-280.589   -113.337     11.417           1.177          4.772                    2.901    -71.241          5.044              3.113            -0.234             0.000    -239.211     115.010                   0.000                0.000 21 2LU0
-278.798   -119.855     12.364           1.275          3.608                    2.367    -72.610          4.886              3.833            -1.323             0.000    -248.603     135.261                   0.000                0.000 22 2LU0
-271.792   -117.462     14.716           1.199          4.006                    2.293    -69.371          4.496              3.107            -0.646             0.000    -236.962     122.831                   0.000                0.000 23 2LU0
-286.668   -120.007     13.649           1.260          4.323                    2.653    -81.013          4.998              4.117            -0.331            -4.598    -231.306     119.586                   0.000                0.000 24 2LU0
-312.429   -124.943     12.179           1.219          2.667                    2.078    -71.188          5.488              3.439             0.000            -8.713    -263.365     128.710                   0.000                0.000 25 2LU0
-303.420   -121.703     12.386           1.194          3.448                    2.605    -74.017          5.258              4.276            -0.225             0.000    -257.268     120.626                   0.000                0.000 26 2LU0
-290.342   -123.193      9.265           2.813          6.136                    1.932    -65.510          5.457              4.445            -1.187            -4.189    -251.535     125.224                   0.000                0.000 2 2LU0
-288.589   -119.914      9.174           2.596          5.633                    1.218    -63.837          4.844              6.524            -2.784            -8.564    -254.232     130.753                   0.000                0.000 3 2LU0
-300.746   -125.788     11.030           3.018          6.055                    1.358    -65.986          5.230              3.627            -3.575            -8.643    -259.661     132.589                   0.000                0.000 4 2LU0
-284.915   -128.028     16.151           2.654          6.342                    1.372    -63.402          4.595              5.112            -3.589            -8.940    -260.378     143.195                   0.000                0.000 5 2LU0
-284.067   -127.375     16.928           2.764          6.737                    1.712    -63.912          4.852              4.305            -3.357            -9.268    -258.496     141.043                   0.000                0.000 6 2LU0
-296.018   -123.937      8.804           2.819          6.552                    0.928    -65.137          4.964              4.706            -2.649            -8.867    -258.049     133.848                   0.000                0.000 7 2LU0
-282.013   -124.370     10.166           2.848          7.029                    2.293    -66.899          4.926              5.159            -2.404            -6.923    -245.770     131.932                   0.000                0.000 8 2LU0
-298.187   -123.345     11.113           2.892          5.291                    0.980    -66.559          4.982              6.040            -2.936            -8.338    -265.261     136.955                   0.000                0.000 9 2LU0
