   score     fa_atr     fa_rep    fa_intra_rep    lk_nonpolar    fa_elec_rna_phos_phos    ch_bond    rna_torsion    rna_sugar_close    hbond_sr_bb_sc    hbond_lr_bb_sc    hbond_sc    geom_sol    atom_pair_constraint    linear_chainbreak       conformation id
-226.403    -95.397      6.247           1.929          3.080                    0.177    -43.298          3.727              4.490            -1.869             0.000    -200.801      95.313                   0.000                0.000 10 2LUB
-223.000    -95.504      5.534           1.974          3.479                   -0.161    -43.281          4.514              6.072            -1.795             0.000    -199.001      95.168                   0.000                0.000 11 2LUB
-222.744    -96.112      6.721           1.419          3.623                   -0.986    -44.126          3.537              4.451            -1.730             0.000    -197.139      97.598                   0.000                0.000 12 2LUB
-199.976    -96.280      9.274           1.991          3.250                    0.493    -41.510          3.795              7.224            -2.954             0.000    -184.174      98.917                   0.000                0.000 13 2LUB
-217.016    -88.492      7.992           0.931          4.198                    2.355    -54.473          5.510              6.447             0.000             0.000    -195.338      93.854                   0.000                0.000 14 2LUB
-210.364    -91.649      6.930           1.137          3.441                   -0.039    -50.357          3.351              5.090            -0.422             0.000    -180.851      93.006                   0.000                0.000 15 2LUB
-214.345    -85.245      7.312           1.311          3.328                    1.046    -50.718          4.533              3.990            -0.231             0.000    -201.378     101.707                   0.000                0.000 16 2LUB
-231.299    -94.466      5.885           0.848          2.759                    0.678    -53.653          2.749              3.942             0.000             0.000    -195.151      95.112                   0.000                0.000 17 2LUB
-228.733    -92.917      6.601           1.389          4.852                    1.025    -54.873          4.067              4.779             0.000             0.000    -196.343      92.686                   0.000                0.000 18 2LUB
-226.271    -92.297      8.791           0.941          3.587                    0.871    -54.063          3.518              4.218             0.000            -2.883    -196.028      97.075                   0.000                0.000 19 2LUB
-237.737    -92.114      7.421           0.867          0.911                    2.434    -45.681          5.291              2.453            -0.233             0.000    -214.347      95.263                   0.000                0.000 1 2LUB
-223.982    -86.093      6.816           0.970          5.528                    1.588    -54.731          3.984              5.370             0.000             0.000    -204.758      97.344                   0.000                0.000 20 2LUB
-242.199    -91.982      6.795           0.840          2.764                    1.050    -52.916          3.802              3.530             0.000             0.000    -220.201     104.119                   0.000                0.000 21 2LUB
-234.630    -92.325      5.652           1.049          2.409                   -0.099    -52.817          2.476              3.635             0.000             0.000    -200.108      95.500                   0.000                0.000 22 2LUB
-249.784    -96.908      5.918           1.009          2.613                    0.393    -54.309          2.315              4.493             0.000             0.000    -216.382     101.074                   0.000                0.000 23 2LUB
-230.331    -90.985      5.075           0.859          3.164                    0.670    -51.790          2.410              3.327             0.000             0.000    -196.858      93.797                   0.000                0.000 24 2LUB
-231.264    -94.688      9.307           0.905          2.188                    1.495    -52.218          2.574              4.577             0.000             0.000    -205.321      99.917                   0.000                0.000 25 2LUB
-242.545    -92.088      6.423           0.857          1.223                    2.591    -52.026          5.773              2.728            -0.077             0.000    -206.048      88.098                   0.000                0.000 2 2LUB
-248.622    -93.368      6.245           0.892          0.884                    2.768    -50.592          5.942              2.909             0.000             0.000    -215.632      91.330                   0.000                0.000 3 2LUB
-230.382    -90.441      8.041           0.873          0.957                    3.075    -49.240          5.856              3.126            -0.207             0.000    -202.164      89.741                   0.000                0.000 4 2LUB
-240.011    -90.834      5.797           0.842          1.142                    2.709    -51.770          5.817              2.427            -0.429             0.000    -201.165      85.452                   0.000                0.000 5 2LUB
-237.092    -90.629      6.631           0.856          0.876                    2.107    -48.758          7.107              2.706            -0.410             0.000    -206.696      89.118                   0.000                0.000 6 2LUB
-234.856    -98.465      6.297           1.635          3.386                   -0.796    -42.216          3.282              3.927            -1.638             0.000    -208.979      98.712                   0.000                0.000 7 2LUB
-226.366    -94.695      6.049           1.140          3.845                    0.296    -44.427          3.138              3.925            -0.440             0.000    -196.842      91.646                   0.000                0.000 8 2LUB
-214.599    -95.696      8.231           1.537          3.470                   -0.220    -42.950          3.475              5.405            -1.536             0.000    -196.489     100.174                   0.000                0.000 9 2LUB
