   score     fa_atr     fa_rep    fa_intra_rep    lk_nonpolar    fa_elec_rna_phos_phos    ch_bond    rna_torsion    rna_sugar_close    hbond_sr_bb_sc    hbond_lr_bb_sc    hbond_sc    geom_sol    atom_pair_constraint    linear_chainbreak       conformation id
-162.550    -66.306      5.369           1.076          2.346                    1.127    -37.586          3.614              3.459             0.000             0.000    -139.579      63.931                   0.000                0.000 10 2LUN
-119.235    -60.367      8.137           0.924          3.830                    0.505    -32.193          2.807              5.150            -1.637             0.000    -126.488      80.097                   0.000                0.000 11 2LUN
-166.020    -62.569      4.779           0.643          3.124                    0.849    -41.295          2.084              3.116            -0.956             0.000    -150.983      75.188                   0.000                0.000 12 2LUN
-149.291    -62.122      5.262           0.651          1.657                    1.808    -39.477          3.179              3.241             0.000             0.000    -127.106      63.616                   0.000                0.000 13 2LUN
-146.109    -61.780      4.717           0.682          2.491                    0.552    -36.702          2.082              4.921            -0.306             0.000    -133.766      71.000                   0.000                0.000 14 2LUN
-162.744    -71.179      4.852           0.736          2.642                    0.974    -40.880          2.138              2.850             0.000             0.000    -133.867      68.990                   0.000                0.000 15 2LUN
-148.964    -68.246      9.581           1.093          2.216                    0.241    -39.429          1.952              4.628            -0.814            -1.223    -135.685      76.721                   0.000                0.000 16 2LUN
-142.495    -59.898      5.661           1.258          5.624                    1.852    -37.759          4.265              5.369            -0.300            -7.460    -133.538      72.433                   0.000                0.000 17 2LUN
-162.043    -66.700      4.922           0.780          2.773                    0.935    -40.263          2.438              3.142             0.000            -2.978    -134.952      67.860                   0.000                0.000 18 2LUN
-162.436    -65.761      4.319           0.719          3.521                    1.550    -40.331          3.625              3.881             0.000           -12.593    -127.255      65.888                   0.000                0.000 19 2LUN
-156.589    -59.893      5.150           0.768          1.617                    1.597    -40.195          4.163              1.396            -0.371             0.000    -133.858      63.038                   0.000                0.000 1 2LUN
-163.705    -66.420      5.877           0.630          2.678                    0.574    -39.553          1.793              2.125            -0.260             0.000    -140.852      69.702                   0.000                0.000 20 2LUN
-178.529    -72.190      6.817           0.844          1.669                    0.472    -41.597          2.112              3.666            -0.258             0.000    -151.817      71.754                   0.000                0.000 21 2LUN
-160.775    -67.772      5.031           1.418          2.546                    0.211    -41.350          1.619              2.223             0.000             0.000    -134.840      70.140                   0.000                0.000 22 2LUN
-142.004    -66.750      5.695           0.627          2.642                   -0.392    -36.405          1.530              3.205            -0.122             0.000    -124.297      72.263                   0.000                0.000 23 2LUN
-157.739    -70.182      5.547           0.941          3.092                    0.840    -38.751          3.325              2.804            -0.257             0.000    -139.505      74.406                   0.000                0.000 24 2LUN
-154.179    -64.932      4.849           0.759          4.690                    0.566    -42.751          2.277              3.524            -0.477             0.000    -130.252      67.569                   0.000                0.000 25 2LUN
-156.423    -60.912      5.395           0.702          3.094                    1.385    -36.870          3.032              2.008             0.000            -5.054    -134.672      65.470                   0.000                0.000 26 2LUN
-170.123    -68.296      5.329           0.657          2.655                    0.367    -42.106          2.203              3.127            -0.314             0.000    -147.573      73.829                   0.000                0.000 27 2LUN
-155.107    -67.414      5.832           0.623          3.409                    0.540    -40.370          1.927              1.860            -0.653             0.000    -129.763      68.901                   0.000                0.000 28 2LUN
-136.641    -57.885      7.676           0.784          4.961                    0.614    -39.320          3.061              3.844             0.000            -3.705    -122.696      66.025                   0.000                0.000 29 2LUN
-165.478    -64.490      4.870           1.081          3.089                   -0.044    -36.098          2.634              2.205            -0.801             0.000    -146.821      68.896                   0.000                0.000 2 2LUN
-155.631    -66.208      5.380           1.366          2.997                    0.869    -33.321          3.496              4.129            -1.632            -4.344    -136.508      68.147                   0.000                0.000 3 2LUN
-168.009    -70.055      7.924           0.941          2.632                    0.475    -37.132          2.380              2.023            -0.669             0.000    -146.111      69.583                   0.000                0.000 4 2LUN
-174.789    -68.301      4.759           0.885          3.196                    0.331    -36.390          2.747              1.802            -0.387             0.000    -151.524      68.094                   0.000                0.000 5 2LUN
-174.961    -69.348      4.982           1.109          3.160                    0.172    -36.122          2.264              1.599            -0.983             0.000    -152.341      70.547                   0.000                0.000 6 2LUN
-168.692    -68.471      4.682           1.248          3.200                    0.353    -34.584          3.053              4.710            -1.414            -5.250    -149.010      72.791                   0.000                0.000 7 2LUN
-156.013    -61.634      4.663           0.833          3.690                    0.277    -38.474          3.146              3.894            -0.548            -7.686    -135.158      70.986                   0.000                0.000 8 2LUN
-146.757    -63.638      6.632           1.180          2.800                    0.591    -32.155          2.757              5.937            -0.266           -10.217    -132.305      71.927                   0.000                0.000 9 2LUN
