   score     fa_atr     fa_rep    fa_intra_rep    lk_nonpolar    fa_elec_rna_phos_phos    ch_bond    rna_torsion    rna_sugar_close    hbond_sr_bb_sc    hbond_lr_bb_sc    hbond_sc    geom_sol    atom_pair_constraint    linear_chainbreak       conformation id
-143.380    -60.242      4.338           0.543          2.020                    0.669    -33.648          1.702              2.497            -0.467            -3.722    -123.684      66.615                   0.000                0.000 10 2LV0
-148.177    -62.459      4.082           0.540          2.197                    0.796    -35.671          1.608              2.860            -0.179             0.000    -124.703      62.753                   0.000                0.000 11 2LV0
-150.236    -59.462      3.975           0.562          2.485                    0.412    -35.941          1.218              2.357             0.000             0.000    -129.098      63.257                   0.000                0.000 12 2LV0
-140.988    -59.552      4.302           0.546          1.441                    0.389    -36.777          2.408              2.407             0.000             0.000    -114.836      58.684                   0.000                0.000 13 2LV0
-147.652    -59.755      5.029           0.545          1.408                    0.935    -32.964          2.421              1.911             0.000             0.000    -125.927      58.745                   0.000                0.000 14 2LV0
-149.645    -62.151      3.855           0.507          2.806                    0.557    -35.023          1.189              1.798            -0.264            -3.293    -121.792      62.168                   0.000                0.000 15 2LV0
-147.873    -61.461      3.734           0.519          3.038                    0.537    -34.586          1.093              2.319            -0.457            -3.478    -121.791      62.658                   0.000                0.000 16 2LV0
-140.705    -58.247      5.954           0.771          2.800                    0.617    -32.254          4.928              2.777             0.000           -12.006    -118.754      62.709                   0.000                0.000 17 2LV0
-143.759    -55.917      4.379           0.736          1.509                    0.550    -35.163          5.864              2.117            -0.400             0.000    -124.426      56.993                   0.000                0.000 18 2LV0
-151.573    -62.920      5.169           0.521          2.913                    0.813    -35.910          1.260              1.618             0.000            -3.162    -124.911      63.035                   0.000                0.000 19 2LV0
-122.664    -58.946      5.347           0.479          0.748                    0.200    -26.867          3.855              5.734            -1.710             0.000    -117.809      66.305                   0.000                0.000 1 2LV0
-142.457    -61.228      3.688           0.547          2.601                    0.587    -35.754          1.180              1.611            -0.803             0.000    -114.166      59.279                   0.000                0.000 20 2LV0
-149.733    -60.441      4.188           0.583          2.922                    1.300    -37.304          2.272              2.061             0.000            -4.507    -115.580      54.774                   0.000                0.000 21 2LV0
-147.960    -60.926      4.239           0.568          2.815                    0.798    -34.604          2.043              1.770            -0.136            -3.531    -120.442      59.445                   0.000                0.000 22 2LV0
-146.394    -57.948      4.721           0.546          1.507                    0.674    -34.348          2.978              3.523             0.000             0.000    -128.702      60.655                   0.000                0.000 23 2LV0
-133.364    -52.992      5.922           0.667          2.982                    0.314    -32.205          2.454              4.759             0.000            -6.761    -121.557      63.054                   0.000                0.000 24 2LV0
-139.513    -58.592      7.481           0.630          2.643                    1.955    -34.545          2.875              2.855            -0.463             0.000    -124.749      60.397                   0.000                0.000 25 2LV0
-139.218    -55.962      4.969           0.839          3.873                    2.574    -34.184          2.771              2.104             0.000            -3.198    -122.615      59.610                   0.000                0.000 26 2LV0
-139.944    -50.959      4.520           0.565          3.039                    0.860    -33.517          2.546              1.832            -0.428             0.000    -127.683      59.282                   0.000                0.000 27 2LV0
-130.995    -53.814      5.386           0.641          2.421                    0.692    -31.529          2.523              2.436             0.000             0.000    -119.586      59.836                   0.000                0.000 28 2LV0
-127.179    -58.674      4.280           0.540          3.348                    1.743    -36.841          2.128              1.790            -0.195             0.000    -100.986      55.688                   0.000                0.000 29 2LV0
-120.160    -58.072      7.288           0.484          1.181                    0.563    -26.808          4.536              5.648            -2.060             0.000    -117.945      65.027                   0.000                0.000 2 2LV0
-130.117    -56.908      6.379           0.604          2.369                    0.875    -33.876          3.967              2.996             0.000             0.000    -114.077      57.554                   0.000                0.000 30 2LV0
-132.044    -56.711      4.090           1.503          1.982                    0.758    -26.905          2.971              3.148            -1.879            -4.244    -117.880      61.124                   0.000                0.000 3 2LV0
-132.838    -57.935      3.755           1.928          2.254                    0.274    -26.300          2.842              2.988            -2.128            -4.262    -117.840      61.587                   0.000                0.000 4 2LV0
-135.827    -56.909      3.178           1.307          2.380                    0.869    -28.229          3.297              2.052            -0.497            -4.576    -114.428      55.728                   0.000                0.000 5 2LV0
-130.080    -56.740      3.024           1.129          2.482                    0.212    -26.812          3.067              2.171            -0.685            -4.836    -109.201      56.110                   0.000                0.000 6 2LV0
-133.428    -55.274      3.310           1.143          2.453                    0.253    -28.579          2.713              2.743            -0.953            -4.389    -114.835      57.987                   0.000                0.000 7 2LV0
-145.123    -58.035      3.981           0.538          1.486                    1.106    -34.600          1.971              2.418             0.000            -5.050    -119.101      60.162                   0.000                0.000 8 2LV0
-153.114    -59.426      3.509           0.527          1.704                    0.570    -34.306          1.108              2.236            -0.492             0.000    -133.724      65.182                   0.000                0.000 9 2LV0
