   score     fa_atr     fa_rep    fa_intra_rep    lk_nonpolar    fa_elec_rna_phos_phos    ch_bond    rna_torsion    rna_sugar_close    hbond_sr_bb_sc    hbond_lr_bb_sc    hbond_sc    geom_sol    atom_pair_constraint    linear_chainbreak       conformation id
-110.082    -51.553      4.186           1.230          5.582                    2.503    -34.924          2.911              4.601            -1.745            -4.396     -89.283      50.806                   0.000                0.000 10 2M12
-100.409    -50.195      4.942           1.184          4.903                    2.414    -32.690          2.203              5.323            -1.436            -3.993     -87.100      54.034                   0.000                0.000 11 2M12
-108.804    -53.083      4.981           0.974          4.783                    2.266    -35.221          3.058              4.769            -0.682            -4.052     -88.836      52.240                   0.000                0.000 12 2M12
 -99.330    -50.203      4.182           1.359          5.529                    2.506    -31.999          2.867              6.341            -1.356            -3.804     -87.998      53.246                   0.000                0.000 13 2M12
-129.280    -52.022      4.623           0.601          2.451                    0.449    -30.229          2.284              2.978             0.000             0.000    -117.339      56.924                   0.000                0.000 14 2M12
-135.812    -49.700      4.393           0.553          2.319                    0.916    -29.219          2.936              2.384             0.000           -11.930    -114.630      56.165                   0.000                0.000 15 2M12
-123.500    -55.997      3.854           0.509          2.321                    0.040    -33.671          1.622              2.658            -0.547             0.000     -99.849      55.559                   0.000                0.000 16 2M12
-136.488    -53.758      3.230           0.611          2.461                    0.129    -32.745          1.027              2.035             0.000             0.000    -118.946      59.468                   0.000                0.000 17 2M12
-127.906    -50.783      6.790           0.580          4.672                    0.903    -30.116          3.189              3.399            -0.235            -4.501    -122.685      60.881                   0.000                0.000 18 2M12
-134.046    -55.415      4.953           0.530          3.022                    0.265    -34.239          2.290              2.477             0.000            -4.402    -115.236      61.709                   0.000                0.000 19 2M12
 -91.406    -46.797      5.897           0.619          1.716                    1.562    -30.938          4.368              4.156            -0.448             0.000     -80.357      48.816                   0.000                0.000 1 2M12
-134.155    -58.414      4.116           0.524          2.222                    0.391    -33.785          2.163              2.832             0.000            -4.001    -104.672      54.469                   0.000                0.000 20 2M12
-143.280    -62.660      6.358           0.516          2.372                    0.532    -32.974          0.996              1.814             0.000            -2.887    -122.244      64.897                   0.000                0.000 21 2M12
-135.124    -52.611      3.461           0.553          3.257                    0.787    -32.023          2.850              1.590             0.000            -3.691    -115.224      55.928                   0.000                0.000 22 2M12
-148.325    -60.943      4.182           0.504          2.879                    0.938    -33.455          1.357              1.391            -0.003            -2.536    -122.355      59.716                   0.000                0.000 23 2M12
-149.544    -60.376      4.210           0.550          2.543                    0.094    -32.928          2.276              2.341             0.000            -3.736    -119.405      54.887                   0.000                0.000 24 2M12
-134.646    -54.075      3.873           0.522          2.484                    0.268    -33.865          2.033              2.754             0.000            -4.454    -109.139      54.953                   0.000                0.000 25 2M12
-140.582    -59.222      3.505           0.512          2.451                    0.572    -33.104          1.507              2.598             0.000             0.000    -117.957      58.557                   0.000                0.000 26 2M12
-138.326    -58.316      4.583           0.513          1.869                    0.611    -32.661          1.388              1.682            -0.675            -4.404    -110.185      57.270                   0.000                0.000 27 2M12
-149.725    -60.535      4.473           0.522          2.875                    0.697    -34.569          1.518              1.540             0.000            -3.807    -119.881      57.442                   0.000                0.000 28 2M12
-134.351    -56.611      3.978           0.561          2.101                    0.226    -32.844          1.555              2.567            -1.168             0.000    -111.041      56.326                   0.000                0.000 29 2M12
 -98.562    -47.032      8.269           0.578          2.125                    1.956    -30.164          4.113              4.223            -1.172             0.000     -97.837      56.381                   0.000                0.000 2 2M12
-146.572    -61.518      4.096           0.506          3.234                    0.573    -32.605          1.271              2.287             0.000            -3.239    -120.232      59.056                   0.000                0.000 30 2M12
-105.904    -51.452      3.877           1.136          1.735                    1.521    -28.071          3.514              2.768            -1.305             0.000     -85.243      45.617                   0.000                0.000 3 2M12
-104.514    -50.113      3.254           0.985          2.961                    1.218    -31.933          2.868              2.220            -0.855             0.000     -83.998      48.879                   0.000                0.000 4 2M12
-113.302    -49.927      3.758           1.168          1.907                    1.427    -31.179          3.219              2.234            -1.525             0.000     -92.997      48.612                   0.000                0.000 5 2M12
-105.560    -50.529      5.110           1.063          2.534                    1.690    -30.229          2.720              3.040            -1.254             0.000     -89.887      50.183                   0.000                0.000 6 2M12
-111.826    -50.940      4.019           0.896          2.384                    0.752    -29.855          3.728              2.245            -0.752             0.000     -90.239      45.936                   0.000                0.000 7 2M12
-112.219    -51.492      3.250           0.940          2.317                    0.644    -30.948          3.795              3.087            -0.833             0.000     -89.978      46.999                   0.000                0.000 8 2M12
-110.188    -51.313      3.739           0.892          2.360                    0.825    -29.249          3.341              2.526            -0.689             0.000     -89.203      46.583                   0.000                0.000 9 2M12
