   score     fa_atr     fa_rep    fa_intra_rep    lk_nonpolar    fa_elec_rna_phos_phos    ch_bond    rna_torsion    rna_sugar_close    hbond_sr_bb_sc    hbond_lr_bb_sc    hbond_sc    geom_sol    atom_pair_constraint    linear_chainbreak       conformation id
-119.573    -45.392      3.681           0.579          1.256                    0.632    -27.578          1.754              2.607             0.000             0.000    -107.641      50.529                   0.000                0.000 10 2M21
-109.573    -47.362      3.746           0.780          2.839                    0.061    -25.684          1.576              2.059            -0.928            -4.830     -94.978      53.147                   0.000                0.000 11 2M21
-129.257    -52.190      4.269           0.488          1.382                    0.971    -32.529          1.421              2.142             0.000             0.000    -108.987      53.775                   0.000                0.000 12 2M21
-127.505    -50.795      3.895           0.502          1.276                    0.335    -29.997          2.535              2.913            -0.385             0.000    -108.817      51.034                   0.000                0.000 13 2M21
-128.112    -49.805      3.568           0.520          0.989                    0.163    -32.276          1.865              2.099             0.000             0.000    -105.690      50.456                   0.000                0.000 14 2M21
-124.742    -48.971      4.348           0.458          1.670                    0.332    -31.488          1.246              1.571             0.000             0.000    -106.438      52.531                   0.000                0.000 15 2M21
-120.606    -47.885      3.756           0.477          1.680                    0.652    -31.044          1.580              1.643             0.000             0.000    -100.800      49.335                   0.000                0.000 16 2M21
-123.741    -50.723      7.094           0.508          1.456                    0.791    -30.760          1.990              2.844             0.000             0.000    -109.505      52.565                   0.000                0.000 17 2M21
-121.158    -47.338      4.393           0.497          1.546                   -0.303    -28.975          1.827              1.477            -0.320             0.000    -106.031      52.069                   0.000                0.000 18 2M21
-123.910    -47.711      2.704           0.476          1.690                    0.739    -33.241          1.183              1.762             0.000             0.000    -100.875      49.362                   0.000                0.000 19 2M21
-115.506    -46.760      4.607           0.663          0.741                    1.135    -27.166          7.262              2.563            -0.513             0.000    -102.913      44.875                   0.000                0.000 1 2M21
-124.988    -49.001      3.064           0.476          1.382                    0.433    -28.828          1.814              2.094             0.000             0.000    -105.019      48.596                   0.000                0.000 20 2M21
-125.613    -47.297      3.265           0.496          2.440                    1.156    -33.230          1.956              1.460            -0.383             0.000    -105.243      49.768                   0.000                0.000 21 2M21
-110.841    -47.516      4.521           0.766          3.185                    1.299    -28.284          3.469              5.448             0.000            -8.733     -96.444      51.448                   0.000                0.000 22 2M21
-124.150    -48.523      3.623           0.630          2.341                    1.144    -28.944          2.192              2.272             0.000             0.000    -110.538      51.653                   0.000                0.000 23 2M21
-123.575    -47.863      2.713           0.475          2.776                    0.367    -30.943          1.077              2.116             0.000            -3.810    -100.827      50.344                   0.000                0.000 24 2M21
-111.837    -47.469      2.767           0.446          3.431                    0.374    -32.205          0.875              2.436             0.000             0.000     -90.705      48.213                   0.000                0.000 25 2M21
-123.308    -47.577      4.370           0.562          2.400                    0.411    -32.296          1.790              1.564             0.000             0.000    -105.855      51.324                   0.000                0.000 26 2M21
-115.797    -47.078      5.631           0.608          2.340                    0.994    -30.188          2.899              1.815            -0.322            -3.001    -102.964      53.468                   0.000                0.000 27 2M21
-125.744    -49.232      3.373           0.478          2.328                    0.431    -30.069          1.365              1.460             0.000            -3.948    -104.885      52.955                   0.000                0.000 28 2M21
-120.512    -47.834      3.080           0.494          2.839                    0.615    -30.327          1.945              2.019             0.000            -4.637     -98.393      49.688                   0.000                0.000 29 2M21
-110.574    -45.965      4.297           0.674          1.115                    1.152    -29.554          6.792              4.572            -0.142             0.000     -98.406      44.892                   0.000                0.000 2 2M21
-124.823    -49.566      4.255           0.537          4.248                    1.957    -33.975          2.227              2.755             0.000            -4.467    -101.807      49.013                   0.000                0.000 30 2M21
-111.304    -46.708      3.966           0.695          0.922                    1.527    -28.959          6.935              3.332            -0.504             0.000     -94.137      41.625                   0.000                0.000 3 2M21
-116.115    -46.295      4.562           0.738          1.546                    1.204    -31.565          5.555              4.001            -0.410             0.000    -103.743      48.292                   0.000                0.000 4 2M21
-111.814    -45.420      3.696           0.644          0.968                    1.580    -28.741          6.766              2.506            -0.388             0.000     -95.534      42.107                   0.000                0.000 5 2M21
-113.268    -45.634      4.647           0.624          1.780                    1.525    -30.123          6.646              4.756             0.000             0.000    -106.764      49.275                   0.000                0.000 6 2M21
 -97.712    -45.072      6.833           0.670          1.874                    1.375    -30.032          5.290              2.796            -0.522             0.000     -93.892      52.970                   0.000                0.000 7 2M21
-108.494    -46.489      3.008           0.487          2.504                    0.379    -29.156          1.629              1.599            -0.396             0.000     -90.726      48.668                   0.000                0.000 8 2M21
-120.544    -48.619      3.956           0.480          2.224                    0.408    -31.318          1.237              1.516             0.000             0.000    -100.475      50.047                   0.000                0.000 9 2M21
