   score     fa_atr     fa_rep    fa_intra_rep    lk_nonpolar    fa_elec_rna_phos_phos    ch_bond    rna_torsion    rna_sugar_close    hbond_sr_bb_sc    hbond_lr_bb_sc    hbond_sc    geom_sol    atom_pair_constraint    linear_chainbreak       conformation id
-147.097    -57.895      4.398           0.523          1.854                    0.348    -32.896          1.205              2.068             0.000             0.000    -128.357      61.656                   0.000                0.000 10 2M22
-139.687    -56.254      4.626           0.514          1.829                    0.820    -31.841          1.193              2.766             0.000             0.000    -123.810      60.471                   0.000                0.000 11 2M22
-145.641    -59.063      3.992           0.532          1.758                    0.256    -35.586          1.792              1.858             0.000             0.000    -121.904      60.725                   0.000                0.000 12 2M22
-138.447    -58.997      3.724           0.516          1.557                    0.903    -31.359          1.389              1.428             0.000             0.000    -113.948      56.339                   0.000                0.000 13 2M22
-145.029    -58.070      3.743           0.529          2.220                    0.662    -34.746          2.041              2.192             0.000             0.000    -120.277      56.677                   0.000                0.000 14 2M22
-140.941    -55.757      3.377           0.524          1.479                   -0.266    -34.928          2.429              2.125            -0.310             0.000    -115.906      56.292                   0.000                0.000 15 2M22
-134.206    -58.482      4.860           0.768          3.721                    0.302    -32.260          1.380              2.528             0.000            -3.062    -115.437      61.475                   0.000                0.000 16 2M22
-139.248    -47.110      3.836           0.782          1.283                    1.028    -27.462          3.442              1.985             0.000             0.000    -133.283      56.250                   0.000                0.000 17 2M22
-138.091    -54.502      3.997           0.550          1.478                    0.710    -34.351          2.231              4.737            -0.211             0.000    -122.915      60.186                   0.000                0.000 18 2M22
-146.537    -59.165      4.095           0.517          1.760                    0.712    -33.480          1.290              2.189             0.000             0.000    -124.157      59.702                   0.000                0.000 19 2M22
-126.002    -51.534      6.644           0.629          0.891                    1.443    -31.205          4.342              1.678            -0.497             0.000    -109.982      51.590                   0.000                0.000 1 2M22
-135.531    -54.492      3.652           0.512          3.405                    1.031    -35.151          1.754              4.060             0.000            -4.923    -110.728      55.351                   0.000                0.000 20 2M22
-132.934    -55.253      5.592           0.519          1.388                    0.499    -29.679          1.768              1.994            -0.674            -2.259    -116.935      60.105                   0.000                0.000 21 2M22
-126.064    -55.083      4.729           0.492          3.409                    1.076    -33.778          1.261              2.151             0.000             0.000    -110.841      60.521                   0.000                0.000 22 2M22
-143.918    -54.175      4.146           0.532          2.153                    0.856    -33.358          2.124              2.038             0.000             0.000    -122.566      54.332                   0.000                0.000 23 2M22
-130.878    -50.223      3.098           0.622          2.197                   -0.121    -30.432          3.042              3.417            -0.592            -5.067    -119.292      62.475                   0.000                0.000 24 2M22
-140.772    -53.202      3.269           0.548          1.252                    1.168    -33.928          2.543              2.285             0.000             0.000    -120.678      55.971                   0.000                0.000 25 2M22
-131.706    -50.525      4.067           0.604          3.636                    1.112    -29.937          3.943              3.124            -0.290            -4.230    -119.947      56.737                   0.000                0.000 26 2M22
-131.202    -55.584      3.596           0.525          3.117                    0.501    -34.747          2.244              2.736             0.000             0.000    -105.580      51.991                   0.000                0.000 27 2M22
-121.593    -49.666      4.099           0.577          3.136                    1.359    -32.215          3.721              2.749            -0.358             0.000    -104.555      49.560                   0.000                0.000 28 2M22
-125.470    -50.788      3.453           0.643          3.419                    0.497    -30.822          2.835              2.188             0.000             0.000    -110.685      53.789                   0.000                0.000 29 2M22
-134.458    -53.060      4.501           0.876          1.272                    1.300    -32.912          3.962              1.799            -0.676             0.000    -115.458      53.938                   0.000                0.000 2 2M22
-137.975    -55.341      3.203           0.562          4.679                    1.847    -33.806          1.884              1.547             0.000            -8.924    -114.568      60.943                   0.000                0.000 30 2M22
-121.727    -51.042      5.886           0.587          1.624                    0.693    -29.552          4.205              2.141            -0.858             0.000    -108.612      53.200                   0.000                0.000 3 2M22
-131.837    -53.954      5.165           0.650          1.062                    1.274    -31.300          4.478              1.754            -1.133             0.000    -114.562      54.729                   0.000                0.000 4 2M22
-117.362    -49.207      5.020           0.627          1.479                    1.342    -34.677          4.563              1.761            -0.332             0.000     -95.378      47.440                   0.000                0.000 5 2M22
-121.019    -53.738      6.543           1.727          2.421                    0.609    -30.955          1.840              2.008            -2.338             0.000    -109.940      60.804                   0.000                0.000 6 2M22
-139.556    -58.219      3.938           0.536          1.781                    0.735    -34.132          1.964              2.220             0.000             0.000    -110.426      52.046                   0.000                0.000 7 2M22
-138.233    -57.201      4.140           0.505          2.690                    0.953    -35.554          1.458              1.396            -0.597            -3.673    -110.644      58.294                   0.000                0.000 8 2M22
-141.689    -55.877      4.564           1.111          2.307                    0.285    -30.136          2.244              2.220            -1.102            -4.666    -123.655      61.016                   0.000                0.000 9 2M22
