   score     fa_atr     fa_rep    fa_intra_rep    lk_nonpolar    fa_elec_rna_phos_phos    ch_bond    rna_torsion    rna_sugar_close    hbond_sr_bb_sc    hbond_lr_bb_sc    hbond_sc    geom_sol    atom_pair_constraint    linear_chainbreak       conformation id
-164.889    -67.059      4.406           0.650          2.332                    0.403    -41.110          2.300              2.356             0.000            -1.749    -138.769      71.350                   0.000                0.000 10 2M24
-148.453    -68.446      8.557           1.305          3.326                    0.661    -41.123          2.622              7.712             0.000             0.000    -141.206      78.139                   0.000                0.000 11 2M24
-154.915    -65.899      4.247           0.731          4.466                    1.483    -43.514          2.498              2.560             0.000            -4.395    -125.851      68.760                   0.000                0.000 12 2M24
-151.005    -67.531      6.456           0.809          3.194                    0.100    -44.920          2.279              2.897            -0.822             0.000    -129.173      75.706                   0.000                0.000 13 2M24
-163.598    -64.952      4.678           0.741          2.578                    0.779    -37.500          2.597              3.186             0.000             0.000    -144.553      68.849                   0.000                0.000 14 2M24
-176.234    -72.136     10.316           0.776          1.433                    1.246    -38.645          2.977              2.831            -0.236            -3.904    -159.672      78.782                   0.000                0.000 15 2M24
-168.726    -62.246      5.193           0.779          3.259                    1.378    -41.688          3.487              3.496             0.000            -9.601    -148.984      76.200                   0.000                0.000 16 2M24
-169.959    -70.658      4.791           0.623          1.987                    0.639    -39.479          2.989              3.203             0.000             0.000    -145.402      71.348                   0.000                0.000 17 2M24
-184.520    -72.654      4.614           0.713          1.558                    0.641    -37.942          2.473              3.453             0.000            -1.902    -158.980      73.505                   0.000                0.000 18 2M24
-178.451    -72.341      5.132           1.030          2.016                    1.059    -40.575          3.175              5.255            -0.316             0.000    -157.993      75.108                   0.000                0.000 19 2M24
-135.740    -66.407     11.968           0.685          3.252                    1.137    -43.787          2.373              2.870            -0.213             0.000    -118.639      71.021                   0.000                0.000 1 2M24
-162.807    -75.120      6.953           0.642          3.873                   -0.273    -40.781          1.106              3.284             0.000             0.000    -141.252      78.760                   0.000                0.000 20 2M24
-170.667    -72.167      6.702           0.630          2.293                    0.748    -43.444          1.175              2.541            -0.132             0.000    -144.941      75.928                   0.000                0.000 21 2M24
-152.752    -69.327      7.769           0.631          5.119                    1.741    -39.182          2.567              2.673            -0.094            -4.844    -136.653      76.848                   0.000                0.000 22 2M24
-178.402    -72.854      4.750           0.876          1.253                    0.559    -40.652          2.572              4.765            -0.454             0.000    -151.619      72.402                   0.000                0.000 23 2M24
-184.778    -72.531      4.832           0.775          2.262                    0.620    -43.683          2.166              3.336             0.000             0.000    -155.647      73.092                   0.000                0.000 24 2M24
-185.233    -73.268      4.902           0.783          1.874                    0.762    -41.743          3.204              3.292            -0.339             0.000    -159.982      75.280                   0.000                0.000 25 2M24
-178.070    -72.084      4.868           0.673          2.135                    0.419    -37.284          1.957              2.952            -0.263             0.000    -160.284      78.842                   0.000                0.000 26 2M24
-163.689    -69.081      8.639           0.810          2.009                    1.098    -37.234          3.259              3.044            -0.502             0.000    -148.014      72.281                   0.000                0.000 27 2M24
-183.237    -75.201      4.732           0.647          2.977                    0.869    -44.844          1.544              2.516            -0.426             0.000    -153.262      77.212                   0.000                0.000 28 2M24
-165.260    -72.395      5.104           0.659          2.200                    0.859    -41.166          2.122              2.341            -0.293             0.000    -130.856      66.165                   0.000                0.000 29 2M24
-143.999    -65.037      7.243           0.669          2.021                    0.225    -39.168          2.662              1.886            -1.552             0.000    -129.269      76.322                   0.000                0.000 2 2M24
-182.081    -63.158      8.017           1.002          3.273                    1.301    -39.584          4.220              4.207            -0.293            -3.494    -178.946      81.373                   0.000                0.000 30 2M24
-137.207    -66.929      8.564           0.663          2.448                    0.093    -36.716          2.531              2.241             0.000             0.000    -125.780      75.678                   0.000                0.000 3 2M24
-158.207    -64.604      4.689           1.490          3.397                    0.568    -39.254          2.981              2.702            -1.656             0.000    -139.267      70.747                   0.000                0.000 4 2M24
-175.745    -70.559      5.372           0.741          1.609                    0.741    -43.852          2.193              3.990            -0.295             0.000    -154.249      78.566                   0.000                0.000 5 2M24
-174.396    -72.698      5.057           0.656          1.739                    0.598    -43.465          1.869              2.771             0.000             0.000    -145.546      74.625                   0.000                0.000 6 2M24
-143.367    -61.626      3.639           1.943          2.721                    0.182    -34.220          3.257              3.333            -3.650             0.000    -125.630      66.685                   0.000                0.000 7 2M24
-137.828    -64.313      4.013           1.516          3.181                   -0.249    -36.599          3.283              3.397            -2.239             0.000    -113.733      63.916                   0.000                0.000 8 2M24
-140.429    -63.912      4.327           1.930          2.619                   -0.056    -35.933          4.223              6.629            -3.015             0.000    -123.436      66.197                   0.000                0.000 9 2M24
