   score     fa_atr     fa_rep    fa_intra_rep    lk_nonpolar    fa_elec_rna_phos_phos    ch_bond    rna_torsion    rna_sugar_close    hbond_sr_bb_sc    hbond_lr_bb_sc    hbond_sc    geom_sol    atom_pair_constraint    linear_chainbreak       conformation id
-103.119    -42.372      2.453           0.378          1.979                    0.780    -22.355          1.364              2.044             0.000            -3.534     -84.990      41.135                   0.000                0.000 10 2M4W
-105.609    -43.440      2.817           0.377          1.738                    0.384    -23.811          1.214              1.722            -0.409            -3.830     -84.872      42.501                   0.000                0.000 11 2M4W
-107.823    -45.339      2.953           0.378          2.174                    0.390    -25.464          1.193              1.666            -0.335            -3.472     -86.394      44.428                   0.000                0.000 12 2M4W
-107.358    -44.148      2.896           0.398          1.853                    0.305    -24.940          1.647              1.535            -0.344            -3.612     -86.100      43.153                   0.000                0.000 13 2M4W
-108.365    -45.737      2.948           0.389          2.075                    0.305    -24.226          1.130              1.344            -0.339            -1.658     -90.819      46.221                   0.000                0.000 14 2M4W
-107.860    -44.361      2.976           0.385          1.676                    1.005    -23.121          1.186              1.206             0.000            -3.566     -86.923      41.678                   0.000                0.000 15 2M4W
-106.323    -43.236      2.543           0.371          2.041                    0.705    -24.126          1.122              1.316            -0.184            -3.332     -86.439      42.894                   0.000                0.000 16 2M4W
-109.115    -45.690      2.890           0.382          2.253                    0.227    -25.054          0.941              1.615            -0.329            -1.656     -90.480      45.786                   0.000                0.000 17 2M4W
-105.049    -47.481      8.700           0.392          2.127                    0.759    -25.275          1.271              2.011             0.000            -3.299     -90.979      46.727                   0.000                0.000 18 2M4W
-108.159    -43.979      2.679           0.368          2.734                    0.446    -25.388          0.824              0.930             0.000            -3.497     -86.004      42.728                   0.000                0.000 19 2M4W
 -93.938    -42.333      4.322           0.462          1.645                    0.478    -25.391          2.381              1.924            -0.633             0.000     -77.576      40.783                   0.000                0.000 1 2M4W
-103.520    -45.938      4.754           0.367          2.320                    0.274    -25.082          0.780              1.385            -0.439            -3.299     -84.662      46.019                   0.000                0.000 20 2M4W
-108.635    -44.279      3.208           0.388          1.877                    0.874    -25.432          1.544              1.583             0.000            -3.681     -86.740      42.022                   0.000                0.000 21 2M4W
-109.375    -44.452      2.832           0.383          2.266                    0.386    -26.573          1.298              1.852             0.000            -4.043     -84.624      41.299                   0.000                0.000 22 2M4W
-108.200    -44.989      4.498           0.394          1.862                    0.909    -24.151          1.354              1.451             0.000            -1.884     -90.599      42.955                   0.000                0.000 23 2M4W
-107.420    -44.149      3.002           0.818          2.185                    0.544    -24.534          1.272              1.820            -0.194            -1.850     -90.690      44.355                   0.000                0.000 24 2M4W
 -77.866    -31.631      3.489           0.378          2.439                    0.272    -24.141          1.778              1.020             0.000             0.000     -65.442      33.972                   0.000                0.000 25 2M4W
-100.112    -39.494      2.450           0.373          1.465                    0.761    -23.883          1.807              1.547             0.000             0.000     -84.914      39.775                   0.000                0.000 26 2M4W
 -91.405    -34.813      3.321           0.886          3.153                    1.044    -25.003          2.970              1.444             0.000            -4.871     -73.523      33.988                   0.000                0.000 27 2M4W
 -85.908    -33.789      2.614           0.724          2.607                    0.869    -21.939          7.045              1.862             0.000            -7.884     -74.841      36.824                   0.000                0.000 28 2M4W
 -84.194    -38.233      5.323           0.400          3.441                    0.543    -25.194          1.481              1.958            -0.296             0.000     -73.463      39.848                   0.000                0.000 29 2M4W
 -88.020    -40.905      3.629           0.457          1.817                    0.459    -25.189          2.156              2.292            -0.617             0.000     -73.713      41.595                   0.000                0.000 2 2M4W
 -90.454    -43.137      4.190           0.754          1.196                    0.678    -25.951          2.523              1.893            -0.315             0.000     -77.164      44.877                   0.000                0.000 3 2M4W
 -88.408    -41.234      3.855           0.486          1.671                    0.171    -24.807          2.415              1.480             0.000             0.000     -71.942      39.499                   0.000                0.000 4 2M4W
 -99.174    -43.120      3.327           0.942          1.926                    0.260    -22.704          1.761              2.081            -0.802             0.000     -84.288      41.443                   0.000                0.000 5 2M4W
 -97.726    -42.354      3.764           0.730          1.688                    0.354    -22.974          1.874              1.367            -0.640            -2.865     -80.920      42.248                   0.000                0.000 6 2M4W
 -95.462    -42.663      3.519           0.970          1.772                    0.145    -23.526          1.685              1.679            -1.177             0.000     -79.279      41.414                   0.000                0.000 7 2M4W
 -94.802    -42.851      3.077           0.628          2.114                    0.468    -22.370          1.619              1.926            -0.456             0.000     -78.371      39.414                   0.000                0.000 8 2M4W
 -96.839    -44.062      3.458           0.621          2.158                    0.205    -22.195          1.827              1.939            -0.334             0.000     -79.272      38.815                   0.000                0.000 9 2M4W
