   score     fa_atr     fa_rep    fa_intra_rep    lk_nonpolar    fa_elec_rna_phos_phos    ch_bond    rna_torsion    rna_sugar_close    hbond_sr_bb_sc    hbond_lr_bb_sc    hbond_sc    geom_sol    atom_pair_constraint    linear_chainbreak       conformation id
-145.639    -57.683      3.447           0.501          1.739                    0.615    -32.302          1.692              1.776             0.000             0.000    -120.134      54.710                   0.000                0.000 10 2M5U
-142.369    -57.034      3.177           0.633          1.364                    0.095    -31.433          1.412              2.400             0.000             0.000    -120.695      57.713                   0.000                0.000 11 2M5U
-144.049    -52.197      3.176           0.534          1.748                    0.661    -30.887          2.448              2.278             0.000            -4.514    -124.983      57.685                   0.000                0.000 12 2M5U
-145.340    -57.047      5.355           0.483          0.904                    0.457    -31.291          1.051              1.895            -0.035             0.000    -130.765      63.653                   0.000                0.000 13 2M5U
-143.468    -55.458      4.029           0.472          0.688                    0.563    -29.770          1.529              2.307            -0.429             0.000    -130.613      63.213                   0.000                0.000 14 2M5U
-138.996    -56.524      4.396           0.507          1.670                   -0.023    -33.516          0.838              1.830            -0.133             0.000    -115.984      57.942                   0.000                0.000 15 2M5U
-139.267    -53.799      3.667           0.493          1.642                    0.282    -30.409          2.515              2.350            -0.269            -4.584    -120.903      59.749                   0.000                0.000 16 2M5U
-138.885    -53.449      2.726           0.556          2.039                    0.723    -30.426          1.174              1.829             0.000             0.000    -121.122      57.066                   0.000                0.000 17 2M5U
-135.295    -49.822      3.392           0.537          1.417                    0.445    -29.366          1.968              1.378             0.000             0.000    -120.415      55.172                   0.000                0.000 18 2M5U
-141.897    -56.496      5.965           0.510          1.653                    1.224    -32.864          1.394              1.451             0.000             0.000    -123.056      58.321                   0.000                0.000 19 2M5U
-141.192    -55.626      5.891           0.588          1.315                    1.689    -32.927          2.597              1.890            -0.144             0.000    -120.358      53.891                   0.000                0.000 1 2M5U
-131.827    -53.848      6.602           0.490          1.777                    0.326    -30.379          2.426              3.174             0.000             0.000    -120.382      57.986                   0.000                0.000 20 2M5U
-131.578    -51.996      4.177           0.599          1.605                    0.593    -29.333          1.625              2.642             0.000             0.000    -115.951      54.462                   0.000                0.000 21 2M5U
-121.742    -46.110      5.129           0.615          2.117                    0.656    -26.736          3.124              2.892            -0.147             0.000    -120.476      57.193                   0.000                0.000 22 2M5U
-136.306    -49.584      2.985           0.519          1.501                    0.233    -30.044          1.608              1.681             0.000             0.000    -120.857      55.652                   0.000                0.000 23 2M5U
-132.765    -51.559      4.413           0.709          3.875                    2.011    -28.440          2.162              5.459             0.000             0.000    -131.486      60.090                   0.000                0.000 24 2M5U
-132.958    -50.576      4.385           0.609          2.124                    0.717    -30.267          1.957              1.913             0.000            -0.583    -119.426      56.190                   0.000                0.000 25 2M5U
-132.824    -49.815      3.446           0.719          2.686                    1.219    -33.909          1.564              1.606             0.000             0.000    -115.898      55.560                   0.000                0.000 26 2M5U
-128.434    -53.102      5.380           0.529          1.984                    0.804    -27.823          2.592              2.557            -0.190             0.000    -117.970      56.805                   0.000                0.000 27 2M5U
-132.484    -52.325      3.610           0.582          1.780                    0.124    -28.866          2.743              1.501             0.000             0.000    -115.393      53.760                   0.000                0.000 28 2M5U
-123.863    -46.410      6.186           0.501          2.132                    0.195    -29.974          2.677              3.315            -0.372             0.000    -119.591      57.477                   0.000                0.000 29 2M5U
-140.240    -55.143      5.843           0.594          1.506                    1.266    -32.846          2.309              1.896             0.000             0.000    -120.471      54.806                   0.000                0.000 2 2M5U
-119.255    -47.186      8.139           0.863          5.061                    1.678    -28.231          5.273              1.796             0.000            -3.703    -119.943      56.997                   0.000                0.000 30 2M5U
-135.918    -55.540      8.310           0.595          1.580                    1.337    -32.406          2.188              1.651            -0.034             0.000    -120.376      56.777                   0.000                0.000 3 2M5U
-140.309    -53.221      5.569           0.536          1.025                    1.262    -31.730          2.130              1.561            -0.287             0.000    -120.450      53.297                   0.000                0.000 4 2M5U
-131.049    -55.327      4.070           1.521          2.370                    0.189    -28.240          2.229              1.147            -1.800             0.000    -113.963      56.755                   0.000                0.000 5 2M5U
-138.558    -53.734      3.359           0.485          1.448                    0.461    -31.508          1.580              1.837            -0.094             0.000    -121.098      58.706                   0.000                0.000 6 2M5U
-128.600    -51.275      4.940           0.819          2.614                    0.906    -31.546          2.924              4.393            -0.440            -1.660    -120.924      60.649                   0.000                0.000 7 2M5U
-134.369    -51.239      3.925           0.545          1.701                    0.456    -28.792          1.591              2.989            -0.067             0.000    -122.993      57.515                   0.000                0.000 8 2M5U
-140.442    -56.388      3.642           0.498          1.594                    0.162    -31.771          1.236              1.463             0.000             0.000    -116.079      55.200                   0.000                0.000 9 2M5U
