   score     fa_atr     fa_rep    fa_intra_rep    lk_nonpolar    fa_elec_rna_phos_phos    ch_bond    rna_torsion    rna_sugar_close    hbond_sr_bb_sc    hbond_lr_bb_sc    hbond_sc    geom_sol    atom_pair_constraint    linear_chainbreak       conformation id
 -88.696    -42.136      3.838           1.122          2.585                    0.600    -32.149          2.017              2.347            -1.702             0.000     -64.871      39.653                   0.000                0.000 10 2MEQ
-100.275    -42.305      3.660           0.881          2.073                    0.062    -26.714          1.698              1.621            -0.999             0.000     -83.480      43.227                   0.000                0.000 11 2MEQ
-104.814    -42.505      2.695           1.008          2.852                    0.253    -31.147          1.812              2.319            -1.645             0.000     -85.046      44.590                   0.000                0.000 12 2MEQ
 -91.675    -40.505      3.777           1.040          1.718                    0.101    -25.813          1.714              1.643            -1.429             0.000     -79.723      45.803                   0.000                0.000 13 2MEQ
 -79.642    -39.899      5.342           0.860          2.848                    0.357    -29.793          1.848              3.328            -0.977            -4.585     -62.343      43.371                   0.000                0.000 14 2MEQ
 -84.415    -40.809      2.885           1.441          2.442                    0.673    -30.323          1.928              3.176            -1.959            -4.505     -58.335      38.972                   0.000                0.000 15 2MEQ
 -78.161    -38.541      3.266           0.655          2.888                    0.248    -30.296          2.726              4.280            -0.425             0.000     -59.165      36.204                   0.000                0.000 16 2MEQ
-114.090    -45.107      5.022           0.655          1.921                    0.983    -28.299          2.475              2.386             0.000            -4.047    -102.029      51.951                   0.000                0.000 17 2MEQ
-105.118    -44.848      3.244           0.414          1.915                    0.397    -26.750          1.399              1.388             0.000             0.000     -84.910      42.633                   0.000                0.000 18 2MEQ
 -94.135    -40.577      5.992           0.530          2.537                    0.946    -27.866          2.864              3.075            -0.213            -4.477     -84.062      47.115                   0.000                0.000 19 2MEQ
-104.357    -45.006      3.759           0.437          1.734                    1.024    -31.815          2.178              1.585            -0.396             0.000     -78.477      40.622                   0.000                0.000 1 2MEQ
-114.537    -41.995      3.928           0.438          1.282                    0.833    -27.519          1.744              1.932             0.000             0.000    -102.494      47.314                   0.000                0.000 20 2MEQ
-105.014    -45.099      3.953           0.437          3.508                    2.140    -24.537          1.362              1.484            -0.449            -4.817     -88.589      45.592                   0.000                0.000 21 2MEQ
-109.956    -41.230      4.008           0.537          3.133                    1.053    -26.940          4.211              1.728            -0.113             0.000    -104.664      48.320                   0.000                0.000 22 2MEQ
-114.278    -43.378      3.762           0.430          1.830                    0.922    -28.398          1.237              1.943            -0.372            -9.449     -94.470      51.663                   0.000                0.000 23 2MEQ
-104.327    -42.033      3.437           0.433          1.398                    0.760    -27.340          2.007              2.303             0.000             0.000     -89.958      44.664                   0.000                0.000 24 2MEQ
 -98.294    -42.208      3.481           0.445          3.100                    1.202    -28.238          1.650              1.397             0.000             0.000     -80.448      41.326                   0.000                0.000 25 2MEQ
-116.055    -44.688      3.285           0.407          1.527                    0.672    -26.987          1.747              3.367             0.000             0.000    -105.522      50.137                   0.000                0.000 26 2MEQ
-114.097    -43.875      3.244           0.443          2.154                    1.452    -26.708          2.349              2.270             0.000             0.000    -102.309      46.883                   0.000                0.000 27 2MEQ
-104.997    -41.425      3.120           0.436          2.090                    0.543    -26.762          1.306              2.660             0.000             0.000     -92.945      45.978                   0.000                0.000 28 2MEQ
-107.120    -39.169      3.162           0.561          4.013                    2.723    -27.784          3.271              2.715             0.000            -9.578     -89.520      42.486                   0.000                0.000 29 2MEQ
 -87.899    -41.148      6.006           0.447          1.002                    1.518    -26.537          2.196              0.913            -0.767             0.000     -78.334      46.807                   0.000                0.000 2 2MEQ
-106.007    -45.104      4.818           0.649          1.293                    0.889    -26.421          1.988              1.514             0.000             0.000     -90.103      44.470                   0.000                0.000 30 2MEQ
-107.084    -43.703      3.910           0.445          1.637                    0.811    -28.713          1.996              1.064            -0.540             0.000     -88.511      44.520                   0.000                0.000 3 2MEQ
-102.541    -45.526      4.407           0.430          1.166                    0.520    -29.730          2.108              1.144            -0.382             0.000     -75.106      38.427                   0.000                0.000 4 2MEQ
-106.096    -46.636      4.651           0.449          1.605                    1.388    -30.431          2.342              1.531            -0.381             0.000     -82.876      42.262                   0.000                0.000 5 2MEQ
 -92.578    -43.350      4.390           0.434          1.080                    1.140    -26.236          2.491              1.568            -0.659             0.000     -74.715      41.278                   0.000                0.000 6 2MEQ
 -91.285    -40.674      6.092           1.001          1.793                    0.776    -27.634          2.214              2.264            -1.462             0.000     -79.771      44.115                   0.000                0.000 7 2MEQ
 -85.866    -35.390      3.483           0.613          3.381                    0.283    -30.349          3.751              4.112             0.000             0.000     -70.600      34.850                   0.000                0.000 8 2MEQ
 -96.540    -41.449      3.634           1.034          1.863                    0.886    -30.924          2.287              1.153            -0.999             0.000     -73.407      39.380                   0.000                0.000 9 2MEQ
