   score     fa_atr     fa_rep    fa_intra_rep    lk_nonpolar    fa_elec_rna_phos_phos    ch_bond    rna_torsion    rna_sugar_close    hbond_sr_bb_sc    hbond_lr_bb_sc    hbond_sc    geom_sol    atom_pair_constraint    linear_chainbreak       conformation id
-112.713    -46.682      3.798           0.408          1.328                    0.747    -24.521          1.504              2.224            -0.392            -2.533    -101.720      53.126                   0.000                0.000 10 2MFD
-110.015    -44.082      3.882           0.513          1.136                    0.919    -24.908          1.612              1.275            -0.279            -4.229     -94.582      48.728                   0.000                0.000 11 2MFD
-103.604    -43.984      3.642           0.710          0.891                    0.720    -20.374          2.584              3.118            -0.836            -4.280     -90.597      44.804                   0.000                0.000 12 2MFD
-113.495    -45.931      3.618           0.420          1.110                    0.781    -26.720          1.215              1.280             0.000             0.000     -95.236      45.968                   0.000                0.000 13 2MFD
-116.747    -46.386      3.526           0.468          0.619                    0.173    -25.360          2.623              1.799             0.000             0.000    -101.246      47.038                   0.000                0.000 14 2MFD
-106.314    -42.437      2.847           0.431          0.939                    0.524    -26.087          1.382              1.417            -0.295             0.000     -90.341      45.306                   0.000                0.000 15 2MFD
-109.444    -45.455      6.885           0.413          1.725                    0.277    -26.640          1.303              1.987             0.000             0.000     -99.126      49.186                   0.000                0.000 16 2MFD
-121.922    -42.120      2.481           0.423          1.218                   -0.275    -25.008          2.102              1.999             0.000             0.000    -117.383      54.641                   0.000                0.000 17 2MFD
-119.566    -45.423      3.377           0.498          0.941                    0.737    -27.866          1.574              1.520             0.000             0.000    -104.811      49.888                   0.000                0.000 18 2MFD
-118.293    -43.780      3.620           0.474          1.008                   -0.176    -25.039          2.103              2.023             0.000            -4.825    -102.533      48.832                   0.000                0.000 19 2MFD
-120.981    -43.433      3.884           0.486          1.013                    1.165    -29.159          2.341              1.303            -0.271             0.000    -107.807      49.497                   0.000                0.000 1 2MFD
-113.392    -47.400      3.407           0.427          1.011                    0.000    -27.641          1.134              1.353             0.000             0.000     -90.646      44.964                   0.000                0.000 20 2MFD
-114.594    -46.141      3.123           0.486          1.169                    0.312    -27.123          1.853              1.636             0.000             0.000     -96.972      47.065                   0.000                0.000 21 2MFD
-113.009    -49.238      3.720           0.444          1.494                   -0.071    -29.382          1.072              1.884             0.000             0.000     -90.561      47.629                   0.000                0.000 22 2MFD
-119.680    -46.748      2.976           0.423          1.097                    0.507    -27.606          1.149              1.724             0.000            -3.549     -99.009      49.356                   0.000                0.000 23 2MFD
-118.486    -49.645      3.515           0.451          2.238                    0.407    -27.589          1.442              1.498             0.000            -4.409     -94.669      48.276                   0.000                0.000 24 2MFD
-118.687    -44.605      2.918           0.415          1.076                    0.629    -27.097          1.337              1.321             0.000             0.000    -102.388      47.708                   0.000                0.000 25 2MFD
-120.076    -47.206      3.255           0.418          1.860                    0.508    -27.989          1.296              2.099             0.000            -4.618    -101.845      52.149                   0.000                0.000 26 2MFD
-119.263    -48.859      3.491           0.402          1.889                    0.805    -28.364          0.677              1.391             0.000            -4.696     -95.002      49.004                   0.000                0.000 27 2MFD
-121.629    -45.724      3.466           0.438          0.972                    0.492    -25.699          1.255              1.874             0.000             0.000    -107.037      48.336                   0.000                0.000 28 2MFD
-115.444    -49.589      3.736           0.417          2.133                    0.747    -28.887          0.727              2.417             0.000            -4.157     -90.757      47.770                   0.000                0.000 29 2MFD
-120.106    -43.704      4.416           0.498          0.745                    1.005    -29.129          2.044              0.967             0.000             0.000    -107.200      50.252                   0.000                0.000 2 2MFD
-110.673    -46.853      3.489           0.434          2.116                    0.348    -29.831          1.058              2.207             0.000             0.000     -90.665      47.024                   0.000                0.000 30 2MFD
-118.733    -45.023      4.486           0.504          0.685                    1.414    -29.869          2.294              1.124            -0.287             0.000    -103.256      49.195                   0.000                0.000 3 2MFD
-115.332    -45.098      4.510           0.485          0.805                    1.377    -29.272          2.519              1.012            -0.919             0.000    -100.672      49.921                   0.000                0.000 4 2MFD
-116.925    -44.754      3.466           1.059          1.607                    0.677    -25.029          2.043              1.534            -0.995             0.000    -108.636      52.103                   0.000                0.000 5 2MFD
-119.962    -45.413      4.115           1.048          1.792                    1.018    -26.966          2.201              1.441            -1.025             0.000    -111.815      53.644                   0.000                0.000 6 2MFD
-114.570    -43.376      3.409           0.480          0.540                    1.047    -25.800          2.608              1.360            -0.217             0.000    -106.215      51.593                   0.000                0.000 7 2MFD
-118.925    -45.085      3.342           0.493          0.715                    1.507    -27.798          2.479              1.269            -0.070             0.000    -104.946      49.170                   0.000                0.000 8 2MFD
-115.460    -44.836      3.308           0.444          0.560                    1.809    -26.021          2.360              1.407             0.000             0.000     -99.624      45.132                   0.000                0.000 9 2MFD
