   score     fa_atr     fa_rep    fa_intra_rep    lk_nonpolar    fa_elec_rna_phos_phos    ch_bond    rna_torsion    rna_sugar_close    hbond_sr_bb_sc    hbond_lr_bb_sc    hbond_sc    geom_sol    atom_pair_constraint    linear_chainbreak       conformation id
 -92.562    -36.908      4.377           0.374          1.686                    0.120    -22.570          0.917              1.612            -0.065             0.000     -80.580      38.473                   0.000                0.000 10 2MNC
 -93.061    -35.487      2.098           0.389          2.315                   -0.093    -22.640          1.137              1.075            -0.411             0.000     -80.666      39.221                   0.000                0.000 11 2MNC
 -99.018    -37.827      2.453           0.366          1.012                    0.220    -23.049          1.369              2.132             0.000             0.000     -85.448      39.753                   0.000                0.000 12 2MNC
 -88.385    -36.279      4.029           0.360          1.310                    0.512    -21.351          0.842              2.043             0.000             0.000     -79.827      39.976                   0.000                0.000 13 2MNC
 -89.018    -36.744      3.162           0.353          1.686                    0.443    -20.259          1.529              1.668            -0.296             0.000     -79.312      38.754                   0.000                0.000 14 2MNC
 -96.033    -37.585      2.706           0.392          1.746                    0.421    -22.292          1.690              1.202             0.000             0.000     -80.297      35.985                   0.000                0.000 15 2MNC
 -93.830    -39.650      2.499           0.357          1.390                    0.395    -22.030          0.673              1.337            -0.273             0.000     -79.330      40.803                   0.000                0.000 16 2MNC
 -88.622    -35.576      2.785           0.351          1.665                    0.611    -22.909          1.383              1.431            -0.418             0.000     -75.282      37.336                   0.000                0.000 17 2MNC
 -93.080    -36.161      6.233           0.361          1.866                    0.155    -21.543          0.955              1.501             0.000             0.000     -89.511      43.066                   0.000                0.000 18 2MNC
 -89.930    -34.578      2.300           0.435          2.235                    0.373    -23.095          1.065              1.280            -0.311            -4.724     -75.189      40.280                   0.000                0.000 19 2MNC
 -81.230    -30.422      4.021           0.382          1.643                    0.930    -21.155          2.174              1.258             0.000            -4.820     -73.024      37.784                   0.000                0.000 1 2MNC
 -91.173    -38.393      2.706           0.386          2.215                    0.893    -23.429          1.445              1.481             0.000             0.000     -74.528      36.051                   0.000                0.000 20 2MNC
 -88.810    -35.131      2.353           0.364          1.817                    0.416    -23.885          1.236              1.109             0.000            -3.598     -70.168      36.676                   0.000                0.000 21 2MNC
 -88.076    -38.084      2.539           0.358          2.088                    0.579    -23.622          0.907              1.199            -0.376             0.000     -70.040      36.377                   0.000                0.000 22 2MNC
 -85.351    -37.490      4.828           0.359          2.306                    0.732    -19.719          1.629              2.467            -0.631             0.000     -89.044      49.213                   0.000                0.000 23 2MNC
 -89.716    -33.056      2.367           0.378          1.796                    0.621    -21.251          1.610              1.147             0.000           -10.416     -70.333      37.421                   0.000                0.000 24 2MNC
 -81.792    -34.013      2.758           0.364          2.398                    0.186    -22.359          2.315              1.586             0.000             0.000     -73.549      38.523                   0.000                0.000 25 2MNC
 -85.519    -29.372      3.038           0.473          2.052                    0.858    -19.449          1.773              2.263             0.000            -4.520     -83.531      40.898                   0.000                0.000 26 2MNC
 -77.460    -31.641      2.942           0.435          2.144                    0.495    -22.798          1.569              0.913             0.000             0.000     -64.754      33.236                   0.000                0.000 27 2MNC
 -83.584    -33.758      3.339           0.377          2.547                    0.776    -21.032          1.909              2.276             0.000            -4.221     -74.422      38.624                   0.000                0.000 28 2MNC
 -88.729    -32.706      4.722           0.563          3.886                    1.274    -25.335          1.722              3.145            -0.203            -4.647     -80.304      39.154                   0.000                0.000 29 2MNC
 -87.724    -32.803      2.618           0.850          0.925                    1.051    -19.460          2.793              2.278            -0.463            -4.938     -75.158      34.583                   0.000                0.000 2 2MNC
 -79.934    -28.737      2.779           0.598          4.008                    1.728    -23.709          2.212              2.461             0.000            -4.331     -74.864      37.922                   0.000                0.000 30 2MNC
-100.621    -38.822      2.976           0.419          1.656                    0.295    -24.472          1.775              2.141             0.000             0.000     -84.992      38.404                   0.000                0.000 3 2MNC
 -86.853    -36.625      3.744           0.423          0.922                    0.297    -22.280          1.264              2.458            -0.403             0.000     -79.930      43.277                   0.000                0.000 4 2MNC
 -79.740    -30.222      2.768           0.901          1.238                    0.988    -16.831          2.049              1.944            -0.472            -7.809     -70.956      36.663                   0.000                0.000 5 2MNC
 -91.759    -37.553      2.526           0.346          2.321                    0.342    -21.292          1.071              1.036            -0.922             0.000     -80.436      40.802                   0.000                0.000 6 2MNC
 -92.483    -36.179      2.586           0.366          1.652                    0.041    -23.655          1.451              1.692            -0.260             0.000     -80.653      40.476                   0.000                0.000 7 2MNC
 -87.723    -33.413      3.009           0.470          2.345                   -0.473    -21.712          0.905              1.614             0.000             0.000     -78.749      38.281                   0.000                0.000 8 2MNC
 -97.041    -37.987      2.787           0.368          0.854                    0.512    -22.331          1.161              1.176            -0.302             0.000     -84.713      41.434                   0.000                0.000 9 2MNC
