   score     fa_atr     fa_rep    fa_intra_rep    lk_nonpolar    fa_elec_rna_phos_phos    ch_bond    rna_torsion    rna_sugar_close    hbond_sr_bb_sc    hbond_lr_bb_sc    hbond_sc    geom_sol    atom_pair_constraint    linear_chainbreak       conformation id
-204.880   -100.270     10.221           1.499          5.207                    0.984    -47.226          3.811              5.578            -1.074            -5.771    -177.847     100.007                   0.000                0.000 10 2MXL
-246.660   -103.087      8.523           0.785          3.433                    0.944    -56.168          2.355              2.630            -1.066            -4.501    -204.544     104.034                   0.000                0.000 11 2MXL
-246.681   -104.330      7.355           0.968          4.314                    0.398    -56.785          2.954              3.003            -0.890            -4.409    -197.594      98.335                   0.000                0.000 12 2MXL
-246.283   -103.428      6.675           0.795          3.096                    1.043    -56.341          2.995              2.218            -0.950            -3.657    -198.615      99.884                   0.000                0.000 13 2MXL
-251.383   -106.240      7.409           0.824          3.633                    0.507    -59.874          2.416              2.845            -0.347            -4.618    -197.764      99.824                   0.000                0.000 14 2MXL
-257.598   -108.223      6.826           0.992          3.788                   -0.080    -57.062          2.597              3.320            -0.754            -3.609    -212.127     106.734                   0.000                0.000 15 2MXL
-260.057   -106.494      7.190           0.828          3.882                    0.851    -59.275          2.618              2.530             0.000            -7.292    -203.432      98.537                   0.000                0.000 16 2MXL
-240.140   -104.489      9.921           0.769          2.942                    1.029    -55.872          2.598              3.321            -1.620            -3.446    -202.990     107.696                   0.000                0.000 17 2MXL
-244.451    -99.493      7.579           0.829          2.636                    0.309    -57.706          2.641              3.668            -0.459            -3.390    -203.100     102.035                   0.000                0.000 18 2MXL
-228.489   -104.358     10.224           0.775          3.004                    1.265    -53.228          1.850              2.793            -1.259            -4.981    -190.402     105.829                   0.000                0.000 19 2MXL
-244.297   -105.210     10.534           0.767          3.258                    1.401    -58.429          2.309              3.082            -0.393            -4.468    -201.370     104.223                   0.000                0.000 1 2MXL
-254.506   -106.400      7.379           0.800          2.917                    0.611    -59.934          2.527              2.685            -0.772            -4.418    -197.932      98.029                   0.000                0.000 20 2MXL
-202.858    -95.284      8.598           0.820          5.725                   -0.535    -53.853          2.259              4.274            -0.080             0.000    -175.560     100.777                   0.000                0.000 21 2MXL
-208.876    -92.376      5.466           0.999          4.890                    1.665    -56.098          4.582              3.477            -0.319             0.000    -171.029      89.868                   0.000                0.000 22 2MXL
-220.427   -103.853     10.265           0.858          3.810                    0.317    -58.597          1.552              3.773            -0.594             0.000    -176.118      98.160                   0.000                0.000 23 2MXL
-229.481   -103.264      7.211           0.867          3.902                    0.718    -58.269          1.616              3.284            -0.402             0.000    -183.631      98.487                   0.000                0.000 24 2MXL
-216.545    -95.415      7.208           1.029          4.369                    0.973    -57.224          3.368              3.758             0.000            -4.983    -170.143      90.515                   0.000                0.000 25 2MXL
-221.126    -99.036      6.628           0.924          6.675                    3.029    -55.818          3.808              4.304             0.000             0.000    -185.039      93.398                   0.000                0.000 26 2MXL
-221.549    -96.380     11.619           0.956          5.262                   -0.158    -58.630          3.419              4.560            -0.449            -8.524    -187.317     104.094                   0.000                0.000 27 2MXL
-209.375    -91.475      7.914           0.911          3.878                    0.678    -56.198          2.995              3.022             0.000            -4.030    -170.750      93.680                   0.000                0.000 28 2MXL
-208.596    -94.981     10.755           0.991          3.480                    0.653    -49.882          3.338              5.008             0.000             0.000    -189.217     101.258                   0.000                0.000 29 2MXL
-222.570   -102.829      7.838           2.202          4.425                    1.804    -48.061          4.288              3.134            -2.900            -4.659    -185.560      97.749                   0.000                0.000 2 2MXL
-217.157    -89.591      9.201           1.121          5.345                    1.066    -56.309          3.950              4.672             0.000           -11.863    -177.470      92.721                   0.000                0.000 30 2MXL
-222.413   -101.066      6.802           2.237          4.259                    1.492    -46.000          3.992              2.107            -2.464            -4.580    -187.107      97.916                   0.000                0.000 3 2MXL
-206.732   -105.814     11.922           2.036          4.718                    1.417    -45.175          3.088              2.992            -2.637            -4.492    -178.525     103.738                   0.000                0.000 4 2MXL
-215.254   -103.228      7.785           2.354          4.710                    1.438    -49.547          3.988              2.246            -3.611            -4.235    -171.800      94.647                   0.000                0.000 5 2MXL
-226.375   -102.261      7.789           1.983          4.572                    1.355    -46.512          3.938              2.453            -2.210            -4.327    -189.392      96.238                   0.000                0.000 6 2MXL
-224.298   -103.263      7.556           1.863          4.238                    1.987    -48.234          4.123              2.853            -1.575            -4.620    -184.520      95.293                   0.000                0.000 7 2MXL
-224.800   -104.329      8.199           2.279          4.270                    2.140    -46.056          4.410              3.380            -3.231            -4.290    -191.357      99.785                   0.000                0.000 8 2MXL
-256.789   -106.069      7.367           0.836          2.712                    0.713    -56.940          2.403              2.888            -0.586            -4.211    -207.564     101.662                   0.000                0.000 9 2MXL
