   score     fa_atr     fa_rep    fa_intra_rep    lk_nonpolar    fa_elec_rna_phos_phos    ch_bond    rna_torsion    rna_sugar_close    hbond_sr_bb_sc    hbond_lr_bb_sc    hbond_sc    geom_sol    atom_pair_constraint    linear_chainbreak       conformation id
 -77.142    -41.719      5.556           1.189          5.917                    1.505    -36.711          3.649              4.018            -0.911           -13.447     -51.107      44.920                   0.000                0.000 10 2N2O
 -87.352    -42.853      4.633           1.190          5.439                    1.312    -35.529          4.613              4.155            -0.613            -8.835     -62.997      42.133                   0.000                0.000 11 2N2O
 -83.340    -38.314      2.769           1.180          6.246                    0.789    -34.164          5.911              5.674            -0.822            -9.461     -66.662      43.515                   0.000                0.000 12 2N2O
 -50.408    -38.752      3.397           0.830          6.117                    0.661    -34.014          2.893              8.528            -0.412            -4.400     -23.612      28.356                   0.000                0.000 13 2N2O
 -58.832    -34.648      3.568           1.341          5.975                    0.442    -32.842          3.514              9.967            -1.065           -18.928     -36.704      40.548                   0.000                0.000 14 2N2O
 -94.840    -43.398      4.330           0.566          2.631                    1.729    -34.110          3.947              1.967            -0.700             0.000     -75.708      43.905                   0.000                0.000 15 2N2O
 -97.390    -44.423      4.414           0.762          3.106                    1.387    -34.960          3.968              1.819            -1.057            -9.427     -74.032      51.053                   0.000                0.000 16 2N2O
 -98.474    -46.937      4.642           0.559          4.013                    0.889    -35.747          3.935              2.355             0.000             0.000     -74.745      42.560                   0.000                0.000 17 2N2O
-113.714    -51.868      5.747           0.536          2.654                    0.463    -33.477          2.357              3.349            -0.278             0.000     -96.115      52.917                   0.000                0.000 18 2N2O
-119.607    -45.498      5.041           0.646          3.463                    0.846    -34.268          5.801              3.365             0.000             0.000    -113.561      54.558                   0.000                0.000 19 2N2O
 -97.980    -43.614      4.539           0.613          2.504                    0.856    -33.120          4.002              2.458            -0.430            -7.409     -78.031      49.652                   0.000                0.000 1 2N2O
-106.570    -48.322      4.162           0.526          3.387                    0.900    -36.238          5.403              1.748             0.000            -4.421     -81.900      48.184                   0.000                0.000 20 2N2O
-118.663    -50.681      3.606           0.586          3.610                    1.111    -34.611          2.765              1.150             0.000             0.000     -90.400      44.200                   0.000                0.000 21 2N2O
-112.794    -47.603      5.840           0.568          4.504                    1.544    -33.425          3.469              2.350            -0.990             0.000    -106.532      57.480                   0.000                0.000 22 2N2O
 -93.988    -48.307      4.476           0.580          2.463                    1.293    -30.739          9.564              6.159             0.000             0.000     -85.434      45.956                   0.000                0.000 23 2N2O
-107.489    -49.337      4.187           0.517          2.227                    0.666    -33.180          2.707              2.003            -0.719             0.000     -85.695      49.135                   0.000                0.000 24 2N2O
-109.169    -54.345      4.244           0.759          2.475                    0.193    -31.415          2.995              1.935             0.000            -3.397     -79.262      46.649                   0.000                0.000 25 2N2O
-117.648    -49.133      6.404           0.744          2.450                    0.606    -30.122          2.763              3.121            -0.233            -5.067    -104.767      55.587                   0.000                0.000 26 2N2O
-114.765    -54.492      5.091           0.690          3.559                    0.186    -33.214          1.919              2.926            -0.437            -3.935     -90.113      53.055                   0.000                0.000 27 2N2O
-100.831    -44.109      3.140           1.340          3.299                    0.760    -30.990          2.811              1.819            -0.941            -8.996     -73.762      44.798                   0.000                0.000 2 2N2O
 -98.537    -45.870      4.579           1.266          3.469                    0.463    -29.004          2.310              1.315            -1.712            -8.392     -74.201      47.240                   0.000                0.000 3 2N2O
-100.159    -45.392      4.377           1.050          3.854                    0.285    -30.976          2.457              1.866            -1.376            -7.940     -74.357      45.993                   0.000                0.000 4 2N2O
-109.478    -44.875      3.832           1.607          4.095                    0.195    -30.131          2.429              2.366            -1.088           -13.090     -83.298      48.481                   0.000                0.000 5 2N2O
-109.676    -47.473      4.403           1.637          4.934                    0.652    -30.464          2.938              3.731            -1.471           -18.858     -82.128      52.423                   0.000                0.000 6 2N2O
-105.441    -44.347      3.819           1.194          3.846                    0.829    -34.405          2.612              4.019            -1.086           -21.206     -68.227      47.510                   0.000                0.000 7 2N2O
-101.988    -46.520      3.714           1.124          4.157                    1.857    -34.611          2.510              5.420            -0.507           -12.943     -71.481      45.292                   0.000                0.000 8 2N2O
 -96.395    -45.942      3.270           1.127          4.393                    1.459    -33.719          2.774              5.023            -1.671            -4.956     -74.342      46.189                   0.000                0.000 9 2N2O
