   score     fa_atr     fa_rep    fa_intra_rep    lk_nonpolar    fa_elec_rna_phos_phos    ch_bond    rna_torsion    rna_sugar_close    hbond_sr_bb_sc    hbond_lr_bb_sc    hbond_sc    geom_sol    atom_pair_constraint    linear_chainbreak       conformation id
-112.947    -48.466      3.662           1.880          5.390                    0.476    -35.214          3.059              4.872            -2.336           -23.195     -75.658      52.582                   0.000                0.000 10 2N2P
-110.874    -47.253      4.435           1.088          5.742                    0.650    -34.203          3.333              4.432             0.000           -25.862     -74.818      51.581                   0.000                0.000 11 2N2P
 -99.548    -48.772      3.851           1.235          6.047                    0.371    -34.545          4.088              6.308            -1.106           -15.109     -73.792      51.875                   0.000                0.000 12 2N2P
-107.037    -50.615      5.169           1.329          6.839                    0.944    -34.022          3.904              3.929            -0.798           -20.219     -72.900      49.403                   0.000                0.000 13 2N2P
-107.091    -42.437      3.614           0.616          3.645                    0.914    -35.332          4.422              2.578            -0.398            -4.711     -89.085      49.083                   0.000                0.000 14 2N2P
 -91.350    -44.328      6.439           0.604          3.767                    1.581    -37.388          6.512              2.734            -0.308            -2.941     -74.907      46.885                   0.000                0.000 15 2N2P
 -96.885    -38.063      4.814           0.630          3.043                    1.210    -36.114          4.888              2.523             0.000            -3.831     -79.195      43.209                   0.000                0.000 16 2N2P
-116.006    -48.465      6.328           0.650          2.525                    0.528    -31.651          3.664              3.346             0.000            -3.695    -102.652      53.415                   0.000                0.000 17 2N2P
-111.221    -49.896      5.227           0.614          3.250                    1.667    -34.319          2.715              2.268             0.000            -3.687     -88.607      49.546                   0.000                0.000 18 2N2P
-112.505    -49.480      5.260           0.538          2.743                   -0.024    -33.712          4.503              2.041            -0.261             0.000     -97.350      53.237                   0.000                0.000 19 2N2P
-103.740    -46.671      5.237           0.733          3.227                    0.561    -37.694          4.232              1.754            -0.667            -3.388     -74.227      43.164                   0.000                0.000 1 2N2P
-114.654    -54.104      3.632           0.501          1.791                    0.465    -34.308          1.133              1.946            -0.385             0.000     -85.025      49.699                   0.000                0.000 20 2N2P
-106.894    -42.657      2.833           1.510          3.465                    1.099    -30.036          2.900              2.880            -1.849           -14.502     -82.229      49.692                   0.000                0.000 2 2N2P
-107.717    -47.784      3.052           1.078          4.098                    0.496    -32.601          2.271              1.938            -1.623           -14.576     -74.244      50.177                   0.000                0.000 3 2N2P
-108.388    -45.863      2.804           1.241          4.121                    0.761    -32.599          2.352              1.782            -1.831           -14.200     -74.070      47.113                   0.000                0.000 4 2N2P
-110.641    -47.241      3.923           0.998          3.640                    0.170    -34.643          2.785              1.924            -0.935           -14.717     -74.555      48.009                   0.000                0.000 5 2N2P
-110.506    -48.788      3.770           1.229          4.408                    0.241    -31.823          2.854              2.502            -1.242           -14.238     -77.605      48.186                   0.000                0.000 6 2N2P
-105.944    -45.860      3.096           1.018          3.524                    0.424    -32.097          2.801              3.024            -1.236           -17.321     -71.423      48.108                   0.000                0.000 7 2N2P
-105.476    -46.772      3.667           1.231          5.434                    0.673    -32.608          3.546              3.943            -1.655           -20.942     -70.207      48.213                   0.000                0.000 8 2N2P
-113.219    -47.796      2.626           1.018          5.741                    0.924    -30.108          3.421              3.559            -0.439           -26.645     -75.671      50.153                   0.000                0.000 9 2N2P
