   score     fa_atr     fa_rep    fa_intra_rep    lk_nonpolar    fa_elec_rna_phos_phos    ch_bond    rna_torsion    rna_sugar_close    hbond_sr_bb_sc    hbond_lr_bb_sc    hbond_sc    geom_sol    atom_pair_constraint    linear_chainbreak       conformation id
-342.326   -136.105      9.144           1.063          2.843                    0.741    -83.285          2.562              3.795            -1.118           -13.065    -271.935     143.033                   0.000                0.000 10 2N4L
-298.394   -133.399      9.043           2.907          6.975                    1.121    -73.136          5.004              4.580            -4.014             0.000    -248.472     130.996                   0.000                0.000 11 2N4L
-304.192   -138.179     10.876           3.474          6.413                    1.040    -72.627          4.778              4.592            -5.101             0.000    -260.147     140.689                   0.000                0.000 12 2N4L
-289.436   -135.803     10.773           2.626          6.302                    0.917    -71.291          4.619              7.131            -3.075             0.000    -248.296     136.660                   0.000                0.000 13 2N4L
-329.572   -138.519     11.369           1.054          4.131                    1.292    -85.440          2.461              4.048            -2.202            -7.645    -270.642     150.521                   0.000                0.000 14 2N4L
-269.855   -130.040     12.125           2.638          7.486                    1.637    -70.703          7.877             10.928            -4.832            -4.719    -245.737     143.484                   0.000                0.000 15 2N4L
-294.465   -127.318     11.061           1.576          5.211                    1.551    -77.316          3.858              6.937            -0.581             0.000    -259.552     140.107                   0.000                0.000 16 2N4L
-290.609   -125.360      9.269           1.252          4.647                    1.920    -76.969          5.864              4.837             0.000             0.000    -242.244     126.175                   0.000                0.000 17 2N4L
-312.404   -126.762      8.700           1.202          5.612                    1.924    -80.200          3.692              4.360            -0.365             0.000    -260.011     129.444                   0.000                0.000 18 2N4L
-301.025   -132.075     12.263           1.178          5.808                    1.646    -79.981          3.628              5.257             0.000             0.000    -246.910     128.160                   0.000                0.000 19 2N4L
-339.666   -137.174      9.072           1.077          2.381                    1.772    -85.471          2.867              4.495            -0.581            -3.981    -280.059     145.937                   0.000                0.000 1 2N4L
-302.232   -127.294     13.277           1.216          6.997                    1.115    -76.477          5.971              7.309            -0.553           -12.986    -265.438     144.633                   0.000                0.000 20 2N4L
-291.369   -130.915     15.266           1.165          5.247                    2.095    -72.177          3.685              4.076            -0.993            -6.314    -246.774     134.271                   0.000                0.000 21 2N4L
-309.743   -130.788     10.097           1.825          9.507                    3.006    -78.625          5.520              6.582             0.000            -5.657    -274.747     143.539                   0.000                0.000 22 2N4L
-280.520   -133.846      9.041           1.222          5.503                    0.956    -73.897          2.798              5.417            -0.361             0.000    -229.434     132.082                   0.000                0.000 23 2N4L
-301.700   -125.672      9.189           1.286          5.554                    1.422    -77.301          4.461              5.494            -0.184            -4.032    -251.899     129.982                   0.000                0.000 24 2N4L
-270.246   -120.267      8.896           1.443          5.133                    2.379    -77.777          4.918              7.966            -0.200             0.000    -227.943     125.206                   0.000                0.000 25 2N4L
-245.529   -126.953     18.228           2.170          7.224                    2.415    -74.337          7.141             11.313            -0.887            -7.789    -225.993     141.939                   0.000                0.000 26 2N4L
-298.914   -127.159     14.094           1.464          6.523                    2.310    -80.425          7.541              6.607             0.000            -4.249    -255.924     130.305                   0.000                0.000 27 2N4L
-345.063   -139.183      9.680           1.059          2.469                    1.665    -83.596          2.561              3.668            -1.392            -3.507    -284.669     146.182                   0.000                0.000 2 2N4L
-337.329   -139.587     13.272           1.026          2.637                    1.064    -85.085          2.196              3.754            -1.885            -3.478    -283.234     151.992                   0.000                0.000 3 2N4L
-341.279   -136.391      9.210           1.063          2.645                    2.017    -83.319          2.688              3.926            -1.225           -12.586    -272.020     142.713                   0.000                0.000 4 2N4L
-313.613   -138.045      8.881           4.165          3.698                    2.477    -67.261          4.623              4.156            -6.187             0.000    -271.535     141.414                   0.000                0.000 5 2N4L
-341.928   -136.759      8.948           1.063          2.647                    0.996    -84.655          2.404              3.612            -0.736           -10.576    -271.272     142.399                   0.000                0.000 6 2N4L
-319.170   -138.900      9.343           4.110          3.929                    2.050    -68.475          4.932              3.792            -5.203             0.000    -276.853     142.106                   0.000                0.000 7 2N4L
-320.392   -140.707     10.699           4.149          5.163                    1.354    -69.768          4.655              4.507            -7.159             0.000    -283.922     150.637                   0.000                0.000 8 2N4L
-342.587   -136.224      8.952           1.060          2.861                    1.175    -84.318          2.541              3.965            -1.067           -13.168    -271.730     143.366                   0.000                0.000 9 2N4L
