   score     fa_atr     fa_rep    fa_intra_rep    lk_nonpolar    fa_elec_rna_phos_phos    ch_bond    rna_torsion    rna_sugar_close    hbond_sr_bb_sc    hbond_lr_bb_sc    hbond_sc    geom_sol    atom_pair_constraint    linear_chainbreak       conformation id
-199.432    -92.314      5.714           1.572          4.073                    0.207    -45.982          3.272              4.680            -1.493             0.000    -169.044      89.883                   0.000                0.000 10 2N6S
-203.924    -85.965      6.516           1.181          2.217                    0.734    -50.670          3.383              4.098             0.000            -4.205    -166.883      85.669                   0.000                0.000 11 2N6S
-193.396    -89.067      5.357           2.129          4.984                    0.339    -49.189          3.146              5.037            -3.032             0.000    -159.409      86.309                   0.000                0.000 12 2N6S
-205.786    -88.334      5.882           0.828          2.053                    1.224    -53.407          2.936              5.203             0.000             0.000    -173.030      90.859                   0.000                0.000 13 2N6S
-209.677    -84.217      5.734           0.902          3.613                    1.354    -54.117          4.441              4.383             0.000            -4.972    -174.145      87.346                   0.000                0.000 14 2N6S
-215.988    -85.733      5.375           1.008          3.054                    1.244    -56.072          3.582              3.068             0.000            -4.830    -174.550      87.865                   0.000                0.000 15 2N6S
-205.973    -88.612      7.163           0.949          2.132                   -0.145    -50.257          4.909              3.779            -1.191             0.000    -170.542      85.841                   0.000                0.000 16 2N6S
-220.682    -89.164      5.514           0.861          2.639                    1.063    -54.638          3.957              3.585            -0.338             0.000    -186.106      91.945                   0.000                0.000 17 2N6S
-223.520    -92.687      6.251           1.014          1.908                    0.862    -51.267          3.310              3.068             0.000             0.000    -185.976      89.998                   0.000                0.000 18 2N6S
-223.387    -91.206      6.329           0.896          1.957                    0.772    -53.329          2.772              4.041            -0.237             0.000    -188.844      93.461                   0.000                0.000 19 2N6S
-198.736    -87.029      8.556           0.802          0.934                    1.645    -46.694          7.311              6.778            -1.980             0.000    -180.398      91.339                   0.000                0.000 1 2N6S
-213.137    -85.416      8.256           0.877          3.757                    1.388    -51.949          3.524              3.013             0.000            -3.206    -183.898      90.517                   0.000                0.000 20 2N6S
-219.569    -90.300      5.769           1.280          3.220                    1.655    -49.313          3.753              4.275            -0.358            -4.331    -183.153      87.935                   0.000                0.000 21 2N6S
-216.043    -88.897      7.199           0.830          3.575                    0.621    -52.453          3.098              4.736             0.000             0.000    -185.985      91.234                   0.000                0.000 22 2N6S
-218.776    -88.613      5.561           1.282          2.003                    1.393    -49.038          4.140              4.308             0.000             0.000    -186.357      86.546                   0.000                0.000 23 2N6S
-210.215    -83.809      8.422           0.930          3.914                    0.687    -56.058          4.093              4.023            -0.522            -4.714    -182.045      94.863                   0.000                0.000 24 2N6S
-222.024    -92.126      6.610           0.928          2.562                    0.478    -55.000          3.511              3.435            -0.413             0.000    -184.545      92.534                   0.000                0.000 25 2N6S
-213.440    -85.290      9.781           0.936          2.153                    1.464    -52.447          4.553              3.955            -0.174             0.000    -192.793      94.421                   0.000                0.000 26 2N6S
-214.859    -84.828      4.647           0.952          2.539                    0.332    -50.963          3.688              3.445             0.000             0.000    -183.956      89.284                   0.000                0.000 27 2N6S
-214.818    -86.478      5.862           0.845          3.978                    1.055    -53.491          3.688              2.427            -0.409            -5.014    -175.954      88.672                   0.000                0.000 28 2N6S
-211.329    -87.621      5.368           1.471          3.597                    1.381    -51.133          4.208              3.711             0.000             0.000    -178.110      85.799                   0.000                0.000 29 2N6S
-194.846    -88.420      8.604           0.776          0.322                    1.645    -44.906          7.485              6.662            -2.723             0.000    -180.281      95.989                   0.000                0.000 2 2N6S
-215.120    -84.486      5.234           0.854          2.663                    0.790    -54.206          2.996              3.657            -0.309             0.000    -182.613      90.301                   0.000                0.000 30 2N6S
-195.770    -83.401      7.403           0.772          1.189                    1.263    -47.750          6.341              7.983            -2.624             0.000    -180.927      93.980                   0.000                0.000 3 2N6S
-188.002    -90.411      8.057           2.427          3.381                    0.982    -45.457          3.012              4.478            -4.288             0.000    -168.917      98.735                   0.000                0.000 4 2N6S
-198.273    -87.468      8.044           0.823          0.755                    1.712    -45.787          7.053              7.532            -1.634             0.000    -181.925      92.622                   0.000                0.000 5 2N6S
-193.494    -90.485      5.172           2.628          3.909                    0.403    -45.115          2.958              2.199            -4.163             0.000    -160.051      89.052                   0.000                0.000 6 2N6S
-190.188    -91.139      7.101           2.761          3.598                    0.653    -47.632          2.841              3.700            -5.249             0.000    -163.878      97.056                   0.000                0.000 7 2N6S
-200.672    -92.435      5.609           3.065          3.592                    0.588    -46.809          2.910              1.957            -4.801             0.000    -165.506      91.157                   0.000                0.000 8 2N6S
-204.939    -90.265      5.545           1.863          4.160                    0.272    -48.517          3.351              3.039            -2.233             0.000    -169.672      87.519                   0.000                0.000 9 2N6S
