   score     fa_atr     fa_rep    fa_intra_rep    lk_nonpolar    fa_elec_rna_phos_phos    ch_bond    rna_torsion    rna_sugar_close    hbond_sr_bb_sc    hbond_lr_bb_sc    hbond_sc    geom_sol    atom_pair_constraint    linear_chainbreak       conformation id
-210.884    -97.117      8.033           2.037          4.686                    0.822    -53.010          5.327             10.450            -2.170            -3.881    -187.506     101.445                   0.000                0.000 10 2N6T
-191.799    -92.390      6.398           1.869          4.346                    1.188    -51.773          5.966             10.887            -1.907             0.000    -165.587      89.204                   0.000                0.000 11 2N6T
-242.446    -95.726      6.441           0.963          2.991                    0.571    -58.180          2.890              2.748            -0.322             0.000    -208.880     104.055                   0.000                0.000 12 2N6T
-252.243   -105.312      8.036           1.030          5.240                    0.153    -63.483          4.495              3.414            -0.162           -13.324    -195.662     103.332                   0.000                0.000 13 2N6T
-234.230   -101.404      7.192           0.966          2.718                    0.109    -63.273          3.115              3.648            -0.713             0.000    -189.942     103.354                   0.000                0.000 14 2N6T
-230.872    -96.413      8.922           1.195          3.447                    1.720    -62.474          5.816              4.947            -0.404             0.000    -202.099     104.471                   0.000                0.000 15 2N6T
-236.499   -103.972      6.248           0.930          3.418                    0.476    -60.582          2.358              4.698            -0.263             0.000    -190.514     100.704                   0.000                0.000 16 2N6T
-238.155   -101.334      8.767           5.602          3.948                    2.112    -63.037          4.324             10.331            -0.127             0.000    -219.739     111.000                   0.000                0.000 17 2N6T
-227.093   -100.455      7.514           1.100          5.759                    1.142    -62.524          4.156              4.482            -0.176             0.000    -187.615      99.524                   0.000                0.000 18 2N6T
-250.765   -100.205      6.222           0.980          3.116                    1.309    -59.331          2.935              4.609             0.000             0.000    -218.473     108.073                   0.000                0.000 19 2N6T
-209.914    -93.077     10.346           0.942          1.633                    2.033    -59.050         10.020              5.615            -1.983             0.000    -183.506      97.114                   0.000                0.000 1 2N6T
-220.612   -102.719      7.685           1.162          3.288                    0.786    -64.567          6.308              3.642             0.000             0.000    -173.967      97.771                   0.000                0.000 20 2N6T
-220.124   -102.857     13.406           1.095          8.129                    0.500    -61.426          4.130              5.876            -0.938             0.000    -200.699     112.660                   0.000                0.000 21 2N6T
-230.229    -97.540      8.628           1.695          6.372                    2.045    -62.832          6.233              5.253            -0.754            -3.551    -197.644     101.866                   0.000                0.000 22 2N6T
-231.201   -103.275      6.935           1.147          2.975                    1.080    -60.155          4.409              4.224            -0.165             0.000    -189.286     100.909                   0.000                0.000 23 2N6T
-221.428    -98.571      7.340           2.938          4.560                    1.319    -64.366          5.238              7.625             0.000             0.000    -186.804      99.292                   0.000                0.000 24 2N6T
-248.287   -103.704      7.145           1.151          2.707                    1.179    -61.471          4.358              3.219            -0.069             0.000    -205.762     102.960                   0.000                0.000 25 2N6T
-229.859   -100.790      7.763           2.080          3.077                    2.170    -59.755          4.718              7.510             0.000             0.000    -199.571     102.939                   0.000                0.000 26 2N6T
-222.013    -95.694      8.714           1.324          8.028                    3.539    -60.722          4.789              5.508            -0.329           -11.155    -188.199     102.185                   0.000                0.000 27 2N6T
-209.065    -98.926      6.747           2.714          2.877                    1.727    -51.336          4.247              4.821            -4.300             0.000    -174.293      96.659                   0.000                0.000 2 2N6T
-213.447    -98.741      6.799           2.202          4.143                    1.160    -54.131          4.577              3.861            -2.295             0.000    -178.034      97.013                   0.000                0.000 3 2N6T
-201.659    -98.483      9.705           2.548          4.194                    1.066    -54.217          2.662              3.935            -4.655             0.000    -174.079     105.665                   0.000                0.000 4 2N6T
-201.759    -99.491      9.899           2.885          4.661                    1.197    -54.933          2.533              3.455            -5.571             0.000    -175.077     108.683                   0.000                0.000 5 2N6T
-202.327   -100.651     11.050           2.719          4.672                    0.853    -55.211          2.497              3.279            -4.959             0.000    -174.522     107.946                   0.000                0.000 6 2N6T
-212.022    -97.701      6.097           2.371          3.772                    0.911    -53.803          6.356              4.408            -3.489            -4.298    -177.611     100.966                   0.000                0.000 7 2N6T
-211.769    -98.477      6.244           2.173          4.372                    1.263    -54.574          4.731              4.087            -2.904            -8.401    -168.017      97.733                   0.000                0.000 8 2N6T
-216.189    -96.104      6.058           1.897          5.288                    1.821    -53.583          7.028              8.731            -1.532             0.000    -192.139      96.347                   0.000                0.000 9 2N6T
