   score     fa_atr     fa_rep    fa_intra_rep    lk_nonpolar    fa_elec_rna_phos_phos    ch_bond    rna_torsion    rna_sugar_close    hbond_sr_bb_sc    hbond_lr_bb_sc    hbond_sc    geom_sol    atom_pair_constraint    linear_chainbreak       conformation id
-156.062    -65.184      7.061           1.585          3.319                    1.040    -33.602          2.708              3.118            -2.576            -9.215    -138.063      73.748                   0.000                0.000 10 2NCI
-164.327    -64.711      4.883           1.948          3.803                    0.156    -35.755          3.196              2.058            -2.118            -9.475    -140.142      71.830                   0.000                0.000 11 2NCI
-156.491    -66.281      7.305           1.400          3.281                    0.752    -33.860          2.532              3.024            -1.453            -8.699    -136.204      71.712                   0.000                0.000 12 2NCI
-152.352    -63.418      5.145           1.379          4.730                    0.652    -35.353          3.003              4.527            -2.060            -9.545    -134.690      73.279                   0.000                0.000 13 2NCI
-155.444    -63.184      5.530           1.456          3.932                    1.217    -35.177          3.201              3.764            -1.203            -9.528    -135.322      69.869                   0.000                0.000 14 2NCI
-129.320    -61.355      4.490           1.407          4.617                    0.629    -37.228          3.938              5.730            -1.789            -5.032    -103.910      59.185                   0.000                0.000 15 2NCI
-130.583    -63.859      5.150           1.292          5.479                    0.392    -37.481          4.024              6.438            -1.514            -4.973    -106.007      60.476                   0.000                0.000 16 2NCI
-123.622    -59.844      4.085           1.191          4.075                    1.129    -36.529          4.079              5.753            -1.174            -4.948     -99.767      58.328                   0.000                0.000 17 2NCI
-104.565    -51.500      9.054           2.034          5.257                    2.582    -30.928          7.860              7.378             0.000            -1.646    -129.100      74.444                   0.000                0.000 18 2NCI
-160.005    -66.412      7.237           0.692          5.745                    0.833    -47.119          2.775              2.792            -0.167            -4.656    -134.657      72.933                   0.000                0.000 19 2NCI
-160.737    -59.012      6.615           0.745          2.750                    1.646    -38.101          3.063              3.448            -1.613            -9.211    -148.699      77.632                   0.000                0.000 1 2NCI
-140.151    -61.690      5.380           0.729          2.099                    1.507    -41.369          2.751              2.731            -0.242            -4.694    -115.498      68.144                   0.000                0.000 20 2NCI
-164.116    -67.452      5.654           0.660          1.925                    0.031    -41.906          2.404              3.181             0.000            -4.782    -136.016      72.183                   0.000                0.000 21 2NCI
-154.010    -59.151      4.829           1.343          4.749                    0.553    -36.739          7.820              3.584             0.000            -7.832    -142.832      69.667                   0.000                0.000 22 2NCI
-144.372    -53.532      3.940           0.879          4.417                    1.035    -37.400          3.097              3.557             0.000             0.000    -133.941      63.577                   0.000                0.000 23 2NCI
-164.459    -63.659      4.876           0.785          2.112                    1.144    -37.713          2.530              2.954            -0.415            -4.845    -148.528      76.300                   0.000                0.000 24 2NCI
-135.971    -62.553      7.216           0.893          7.606                    1.691    -39.301          3.048              3.793            -0.380           -12.155    -112.359      66.530                   0.000                0.000 25 2NCI
-145.998    -61.742      8.346           1.046          5.471                    1.968    -40.959          3.843              3.848             0.000             0.000    -139.499      71.682                   0.000                0.000 26 2NCI
 -96.379    -61.610     19.489           5.106          9.726                    2.242    -38.120         13.344             12.464            -0.343           -17.111    -130.302      88.735                   0.000                0.000 27 2NCI
-157.723    -63.470      4.867           0.749          3.594                    0.171    -41.619          3.018              2.648             0.000            -1.424    -133.382      67.126                   0.000                0.000 28 2NCI
-165.372    -64.941      4.797           0.616          4.057                    1.291    -43.163          2.326              1.845             0.000             0.000    -140.084      67.885                   0.000                0.000 29 2NCI
-158.689    -60.033      7.770           0.877          3.013                    0.699    -37.371          3.338              2.988            -3.178            -8.971    -143.016      75.195                   0.000                0.000 2 2NCI
-176.123    -70.053      4.245           0.664          4.369                    0.692    -40.607          2.333              3.109             0.000            -2.744    -148.680      70.549                   0.000                0.000 30 2NCI
-159.402    -59.668      5.468           0.609          2.742                    1.566    -36.949          3.118              2.512            -3.192            -9.103    -138.226      71.721                   0.000                0.000 3 2NCI
-157.802    -63.326      5.049           2.112          2.967                    2.036    -36.454          3.409              2.225            -3.351            -4.683    -138.469      70.685                   0.000                0.000 4 2NCI
-164.101    -62.745      5.148           0.871          3.271                    2.107    -40.333          3.539              3.935            -1.699            -4.057    -143.350      69.211                   0.000                0.000 5 2NCI
-157.386    -63.722      4.328           2.184          2.618                    0.711    -32.797          3.077              1.896            -2.786            -9.141    -132.768      69.012                   0.000                0.000 6 2NCI
-163.250    -66.600      5.253           2.094          2.691                    0.805    -33.498          2.856              2.051            -2.530            -9.231    -138.166      71.024                   0.000                0.000 7 2NCI
-150.578    -64.779      7.458           1.930          3.073                    1.209    -33.672          2.474              2.144            -3.069            -8.782    -131.131      72.567                   0.000                0.000 8 2NCI
-160.193    -64.868      4.645           1.627          3.266                    1.238    -32.990          2.901              1.762            -2.176            -9.194    -133.449      67.045                   0.000                0.000 9 2NCI
