   score     fa_atr     fa_rep    fa_intra_rep    lk_nonpolar    fa_elec_rna_phos_phos    ch_bond    rna_torsion    rna_sugar_close    hbond_sr_bb_sc    hbond_lr_bb_sc    hbond_sc    geom_sol    atom_pair_constraint    linear_chainbreak       conformation id
-139.182    -58.012      4.322           0.862          2.288                    0.426    -30.690          2.068              2.831            -0.773             0.000    -119.108      56.604                   0.000                0.000 10 2QH2
-133.870    -56.929      4.736           0.863          2.421                    0.257    -30.641          1.940              1.681            -0.848            -4.678    -109.037      56.366                   0.000                0.000 11 2QH2
-126.852    -55.744      4.490           0.832          2.266                    0.534    -31.118          2.086              2.398            -0.950             0.000    -106.135      54.489                   0.000                0.000 12 2QH2
-141.172    -58.273      5.846           0.573          2.393                    0.312    -33.648          1.583              1.421             0.000             0.000    -123.634      62.255                   0.000                0.000 13 2QH2
-149.480    -58.206      3.686           0.739          3.382                    1.015    -32.227          2.448              2.461             0.000            -8.666    -125.356      61.245                   0.000                0.000 14 2QH2
-144.547    -58.553      4.414           0.518          1.779                    0.607    -31.477          1.263              1.619             0.000             0.000    -124.239      59.524                   0.000                0.000 15 2QH2
-148.582    -57.655      4.922           0.532          3.295                    0.541    -34.944          1.870              2.480            -0.294            -4.866    -128.284      63.821                   0.000                0.000 16 2QH2
-149.350    -55.549      3.909           0.793          1.656                    0.400    -34.044          2.567              1.827             0.000             0.000    -130.162      59.254                   0.000                0.000 17 2QH2
-149.056    -57.947      3.882           0.534          1.814                    0.484    -33.419          1.115              2.370             0.000             0.000    -130.303      62.415                   0.000                0.000 18 2QH2
-156.279    -59.598      3.544           0.533          1.444                    0.442    -33.041          1.571              2.142             0.000             0.000    -135.708      62.392                   0.000                0.000 19 2QH2
-143.019    -58.581      5.470           0.653          0.860                    1.228    -31.544          5.014              3.201            -1.525             0.000    -130.103      62.308                   0.000                0.000 1 2QH2
-152.551    -57.100      3.507           0.554          1.584                    0.392    -34.523          1.795              1.668             0.000             0.000    -132.220      61.793                   0.000                0.000 20 2QH2
-149.554    -59.762      5.816           0.529          1.626                    0.246    -31.479          1.416              2.121             0.000            -4.961    -128.756      63.650                   0.000                0.000 21 2QH2
-150.718    -57.262      5.271           0.571          3.294                    0.508    -34.054          2.419              1.935             0.000             0.000    -136.295      62.893                   0.000                0.000 22 2QH2
-152.268    -60.038      3.649           0.525          2.222                    0.765    -35.332          1.027              2.662            -0.746             0.000    -130.449      63.447                   0.000                0.000 23 2QH2
-154.038    -60.054      8.497           0.803          1.748                   -0.006    -31.901          2.458              2.719             0.000             0.000    -140.384      62.082                   0.000                0.000 24 2QH2
-151.273    -57.759      3.186           0.548          1.550                    0.831    -35.199          2.463              2.300             0.000             0.000    -130.908      61.716                   0.000                0.000 25 2QH2
-155.674    -56.401      3.406           0.570          1.946                    0.393    -32.931          1.777              2.118            -0.354             0.000    -139.393      63.193                   0.000                0.000 26 2QH2
-148.400    -55.728      3.039           0.558          3.233                    0.504    -34.606          1.530              1.528             0.000             0.000    -129.515      61.058                   0.000                0.000 27 2QH2
-149.675    -60.196      3.883           0.525          2.774                    0.559    -36.658          1.070              2.211             0.000            -3.973    -120.902      61.034                   0.000                0.000 28 2QH2
-152.395    -52.460      3.487           0.549          2.849                    0.554    -32.408          1.788              1.692             0.000             0.000    -140.837      62.390                   0.000                0.000 29 2QH2
-130.061    -56.802      7.297           0.690          1.439                    0.736    -31.696          6.137              4.983            -1.512             0.000    -130.265      68.932                   0.000                0.000 2 2QH2
-149.140    -60.737      4.037           0.532          3.151                    0.386    -37.127          1.351              2.161             0.000            -3.842    -120.929      61.878                   0.000                0.000 30 2QH2
-137.385    -55.687      4.466           0.609          0.509                    0.787    -31.201          4.933              3.156            -2.072             0.000    -125.090      62.205                   0.000                0.000 3 2QH2
-127.584    -55.187      5.201           0.609          1.195                    0.909    -31.261          6.668              2.771            -2.187             0.000    -125.595      69.291                   0.000                0.000 4 2QH2
-138.228    -57.891      4.229           1.150          1.341                    1.011    -29.518          2.819              2.171            -0.687             0.000    -119.179      56.326                   0.000                0.000 5 2QH2
-133.544    -56.605      4.818           1.240          1.772                    0.255    -29.433          2.921              4.217            -1.759             0.000    -117.569      56.600                   0.000                0.000 6 2QH2
-132.142    -57.618      4.707           1.286          2.308                    0.350    -29.260          2.433              3.028            -1.920             0.000    -116.385      58.929                   0.000                0.000 7 2QH2
-138.379    -58.571      4.605           1.189          2.351                    0.233    -30.363          1.805              1.829            -0.954             0.000    -119.346      58.842                   0.000                0.000 8 2QH2
-136.993    -58.713      4.276           1.035          2.465                    0.523    -30.214          2.004              2.357            -1.467             0.000    -118.470      59.211                   0.000                0.000 9 2QH2
