   score     fa_atr     fa_rep    fa_intra_rep    lk_nonpolar    fa_elec_rna_phos_phos    ch_bond    rna_torsion    rna_sugar_close    hbond_sr_bb_sc    hbond_lr_bb_sc    hbond_sc    geom_sol    atom_pair_constraint    linear_chainbreak       conformation id
-104.671    -43.180      3.677           0.421          1.551                    0.278    -28.574          0.951              1.449             0.000             0.000     -84.898      43.654                   0.000                0.000 10 2QH4
-105.728    -45.662      2.829           0.388          2.433                    0.526    -26.888          0.937              1.736             0.000             0.000     -85.149      43.123                   0.000                0.000 11 2QH4
-112.527    -44.702      4.648           0.492          1.459                    0.205    -24.700          1.021              2.064             0.000             0.000    -100.465      47.452                   0.000                0.000 12 2QH4
-116.268    -42.681      2.477           0.585          1.154                    0.544    -25.148          1.810              2.124             0.000             0.000    -104.378      47.244                   0.000                0.000 13 2QH4
-113.123    -46.610      4.866           0.402          1.841                   -0.052    -26.147          1.283              2.887            -0.252             0.000     -99.664      48.323                   0.000                0.000 14 2QH4
-104.930    -41.006      3.650           0.465          1.207                    0.857    -24.917          2.040              2.139             0.000             0.000     -92.427      43.062                   0.000                0.000 15 2QH4
-105.979    -42.429      2.912           0.448          1.598                    0.461    -26.388          1.146              1.213             0.000             0.000     -84.919      39.978                   0.000                0.000 16 2QH4
-109.333    -41.186      2.980           0.432          1.832                   -0.150    -23.576          1.289              2.336             0.000             0.000    -101.374      48.086                   0.000                0.000 17 2QH4
-111.872    -39.946      2.567           0.649          1.977                    0.706    -25.824          2.372              1.503             0.000             0.000    -100.967      45.091                   0.000                0.000 18 2QH4
-102.644    -41.611      2.609           0.391          2.337                    0.893    -26.252          1.215              1.920            -0.079            -4.026     -85.468      45.427                   0.000                0.000 19 2QH4
-102.218    -40.661      5.334           0.438          1.061                    0.862    -22.627          4.163              2.661            -1.035             0.000     -99.007      46.592                   0.000                0.000 1 2QH4
-111.290    -41.656      4.803           0.602          2.896                    0.017    -26.459          1.871              2.514             0.000           -11.794     -91.336      47.252                   0.000                0.000 20 2QH4
-107.942    -39.673      2.609           0.545          2.124                    1.081    -23.991          1.857              1.076             0.000            -4.800     -91.897      43.127                   0.000                0.000 21 2QH4
-104.064    -41.083      2.614           0.400          1.723                    0.681    -24.491          1.312              1.360             0.000             0.000     -89.012      42.432                   0.000                0.000 22 2QH4
-107.248    -40.208      2.634           0.779          3.346                    0.765    -22.772          1.968              1.546             0.000            -4.692     -92.281      41.667                   0.000                0.000 23 2QH4
-106.097    -45.055      4.263           0.418          2.234                    0.648    -25.281          1.184              1.629             0.000            -4.945     -85.474      44.282                   0.000                0.000 24 2QH4
-104.787    -39.921      2.392           0.404          1.741                    0.886    -25.105          1.932              1.212             0.000             0.000     -90.551      42.221                   0.000                0.000 25 2QH4
-102.163    -43.832      5.765           0.383          2.715                    0.682    -25.629          2.896              2.855             0.000            -9.108     -84.573      45.682                   0.000                0.000 26 2QH4
-103.778    -37.868      2.489           0.610          2.390                   -0.181    -23.579          1.646              1.587             0.000            -4.798     -90.310      44.236                   0.000                0.000 27 2QH4
 -97.331    -44.193      6.692           0.850          5.360                    1.844    -25.881          3.287              3.517             0.000             0.000     -93.897      45.090                   0.000                0.000 28 2QH4
 -99.924    -41.201      3.204           0.553          2.246                    0.907    -24.484          1.795              1.889             0.000             0.000     -89.820      44.989                   0.000                0.000 29 2QH4
-102.805    -40.208      5.676           0.396          1.211                    0.752    -23.648          3.736              2.196            -1.716             0.000     -98.815      47.615                   0.000                0.000 2 2QH4
-102.422    -42.281      3.257           0.483          1.671                    0.193    -23.961          1.449              1.717            -0.300             0.000     -91.704      47.053                   0.000                0.000 30 2QH4
-106.599    -41.773      5.063           0.457          0.881                    0.615    -24.002          4.182              2.828            -0.783             0.000     -98.726      44.659                   0.000                0.000 3 2QH4
-102.688    -41.279      4.320           0.466          0.739                    0.708    -23.418          4.262              2.818            -0.332             0.000     -94.169      43.196                   0.000                0.000 4 2QH4
 -99.014    -38.816      5.424           0.406          1.371                    0.882    -24.366          3.671              2.622            -1.235             0.000     -93.901      44.928                   0.000                0.000 5 2QH4
 -90.459    -43.033     11.308           0.422          1.080                    1.202    -23.261          4.031              3.384            -1.722             0.000     -93.423      49.552                   0.000                0.000 6 2QH4
 -88.885    -39.798      3.007           0.753          1.572                    0.139    -20.751          2.591              2.628            -0.586             0.000     -78.207      39.769                   0.000                0.000 7 2QH4
-108.402    -44.758      2.854           1.035          0.949                    0.614    -22.416          2.310              2.487            -1.428             0.000     -93.585      43.535                   0.000                0.000 8 2QH4
-107.021    -44.481      2.870           0.694          0.957                    0.613    -21.183          2.516              1.568            -0.744             0.000     -93.110      43.280                   0.000                0.000 9 2QH4
