   score     fa_atr     fa_rep    fa_intra_rep    lk_nonpolar    fa_elec_rna_phos_phos    ch_bond    rna_torsion    rna_sugar_close    hbond_sr_bb_sc    hbond_lr_bb_sc    hbond_sc    geom_sol    atom_pair_constraint    linear_chainbreak       conformation id
-156.498    -58.909      4.108           0.484          1.335                    0.339    -32.798          0.828              2.264             0.000             0.000    -137.683      63.534                   0.000                0.000 10 4A4S
-154.869    -58.820      4.209           0.655          1.505                    0.165    -32.737          1.312              2.551             0.000             0.000    -137.607      63.898                   0.000                0.000 11 4A4S
-154.621    -59.953      5.710           0.480          1.219                    0.399    -31.588          0.796              1.808             0.000             0.000    -137.615      64.123                   0.000                0.000 12 4A4S
-155.412    -58.388      3.955           0.490          1.354                    0.474    -31.319          0.999              2.429             0.000             0.000    -137.731      62.324                   0.000                0.000 13 4A4S
-151.828    -57.927      3.739           0.487          1.215                    0.490    -30.260          1.329              1.804             0.000             0.000    -134.065      61.360                   0.000                0.000 14 4A4S
-156.198    -58.610      4.021           0.483          1.636                    0.598    -33.073          0.611              1.735             0.000             0.000    -137.837      64.238                   0.000                0.000 15 4A4S
-149.258    -56.721      3.884           0.498          1.314                    0.436    -30.880          1.452              1.789             0.000             0.000    -129.448      58.419                   0.000                0.000 16 4A4S
-150.576    -57.910      3.911           0.481          2.569                    1.230    -33.005          0.817              1.789             0.000             0.000    -129.838      59.380                   0.000                0.000 17 4A4S
-140.886    -53.457      4.389           0.644          2.022                   -0.026    -31.751          1.370              1.973             0.000             0.000    -125.701      59.652                   0.000                0.000 18 4A4S
-148.436    -54.660      3.191           0.505          2.356                    0.714    -30.971          1.398              1.953             0.000            -4.779    -126.184      58.041                   0.000                0.000 19 4A4S
-147.578    -56.440      4.714           0.510          1.389                    0.707    -30.476          1.895              2.618            -0.324             0.000    -136.841      64.669                   0.000                0.000 1 4A4S
-135.799    -49.773      4.547           0.497          2.009                    0.575    -30.152          1.937              1.937             0.000             0.000    -128.757      61.383                   0.000                0.000 20 4A4S
-137.316    -53.177      4.158           0.745          2.643                    1.942    -30.504          2.361              2.575             0.000            -4.639    -119.003      55.583                   0.000                0.000 21 4A4S
-149.681    -52.660      4.579           0.494          1.696                    0.727    -30.730          1.545              2.206             0.000             0.000    -139.105      61.568                   0.000                0.000 22 4A4S
-150.086    -49.551      3.897           0.659          2.978                    1.645    -30.171          3.306              2.486             0.000            -8.350    -132.106      55.120                   0.000                0.000 23 4A4S
-140.170    -48.967      2.809           0.695          2.369                    0.445    -28.502          1.481              1.742             0.000             0.000    -129.878      57.637                   0.000                0.000 24 4A4S
-148.161    -54.784      3.784           0.685          2.069                    0.318    -29.573          2.400              2.664            -0.366             0.000    -135.296      59.940                   0.000                0.000 25 4A4S
-142.500    -49.162      3.358           0.515          2.149                    0.777    -28.560          2.507              2.319             0.000            -7.493    -128.580      59.670                   0.000                0.000 26 4A4S
-145.051    -54.161      3.490           0.510          2.415                    0.238    -31.257          1.796              1.097            -0.394             0.000    -125.022      56.238                   0.000                0.000 27 4A4S
-129.928    -48.297      4.756           0.798          2.771                    1.305    -26.484          2.806              2.327             0.000            -3.478    -124.662      58.230                   0.000                0.000 28 4A4S
-141.550    -50.978      6.285           0.560          2.985                    0.301    -27.954          6.274              3.034             0.000            -4.255    -139.199      61.399                   0.000                0.000 29 4A4S
-152.895    -56.678      4.871           0.518          1.283                    0.715    -31.100          1.958              2.102            -0.316             0.000    -137.769      61.522                   0.000                0.000 2 4A4S
-144.653    -55.700      6.352           0.489          0.743                    0.399    -30.022          1.434              1.419            -0.098             0.000    -132.966      63.297                   0.000                0.000 30 4A4S
-152.367    -57.360      4.405           0.513          1.530                    0.852    -31.013          1.732              2.321            -0.651             0.000    -137.672      62.975                   0.000                0.000 3 4A4S
-145.402    -54.598      5.060           0.504          1.619                    0.983    -29.229          2.421              2.621            -0.682             0.000    -137.582      63.482                   0.000                0.000 4 4A4S
-148.813    -58.927      3.961           1.629          1.892                    0.291    -26.068          2.106              1.601            -1.479             0.000    -137.895      64.078                   0.000                0.000 5 4A4S
-136.440    -51.618      5.372           0.812          2.345                    0.325    -30.055          2.652              2.581             0.000            -4.453    -125.712      61.310                   0.000                0.000 6 4A4S
-133.953    -58.759      6.968           0.499          1.608                    0.236    -33.231          1.414              1.851            -0.468             0.000    -115.155      61.084                   0.000                0.000 7 4A4S
-154.694    -60.788      5.706           0.484          1.593                    0.285    -32.864          0.886              2.295             0.000             0.000    -137.796      65.504                   0.000                0.000 8 4A4S
-146.282    -55.891      4.390           0.475          0.951                    0.599    -31.642          0.597              2.022            -1.099             0.000    -130.553      63.869                   0.000                0.000 9 4A4S
