   score     fa_atr     fa_rep    fa_intra_rep    lk_nonpolar    fa_elec_rna_phos_phos    ch_bond    rna_torsion    rna_sugar_close    hbond_sr_bb_sc    hbond_lr_bb_sc    hbond_sc    geom_sol    atom_pair_constraint    linear_chainbreak       conformation id
-150.488    -55.781      3.791           0.491          2.511                    0.337    -32.352          1.508              2.229             0.000            -4.904    -130.336      62.019                   0.000                0.000 10 4A4T
-153.207    -56.224      3.754           0.542          0.666                    0.870    -31.016          1.937              1.935             0.000            -4.159    -130.920      59.407                   0.000                0.000 11 4A4T
-151.329    -56.887      3.722           0.498          1.267                    0.139    -33.166          1.089              2.036             0.000            -7.143    -125.806      62.921                   0.000                0.000 12 4A4T
-145.108    -54.775      4.349           0.479          1.098                    0.605    -32.327          1.094              1.366            -0.700            -4.816    -125.897      64.416                   0.000                0.000 13 4A4T
-145.085    -56.460      3.941           0.538          1.083                    0.055    -29.214          1.709              2.097            -0.398             0.000    -126.209      57.772                   0.000                0.000 14 4A4T
-151.416    -56.348      3.823           0.522          0.412                    0.647    -30.058          2.002              1.942             0.000             0.000    -131.626      57.268                   0.000                0.000 15 4A4T
-145.684    -54.203      3.992           0.562          1.855                    0.823    -29.166          1.402              1.771            -0.306             0.000    -130.015      57.600                   0.000                0.000 16 4A4T
-140.347    -52.299      4.519           0.495          1.959                    0.878    -31.384          2.497              1.825             0.000             0.000    -125.789      56.952                   0.000                0.000 17 4A4T
-144.291    -51.394      3.743           0.600          2.051                    0.215    -31.541          2.434              2.879             0.000             0.000    -130.566      57.287                   0.000                0.000 18 4A4T
-142.258    -52.992      4.047           0.539          1.459                    0.581    -31.113          1.855              1.907             0.000             0.000    -129.690      61.149                   0.000                0.000 19 4A4T
-144.308    -57.018      4.961           0.536          1.944                    1.037    -29.379          3.228              2.667             0.000             0.000    -132.882      60.598                   0.000                0.000 1 4A4T
-147.359    -55.376      4.257           0.547          3.224                    0.688    -30.009          2.351              1.831             0.000            -6.659    -129.263      61.053                   0.000                0.000 20 4A4T
-139.130    -52.650      3.942           0.467          1.550                    0.444    -30.959          2.023              2.339            -0.342             0.000    -126.027      60.085                   0.000                0.000 21 4A4T
-139.665    -53.812      4.765           0.535          4.705                    1.896    -33.156          2.048              2.586             0.000           -13.373    -115.547      59.688                   0.000                0.000 22 4A4T
-140.863    -50.487      4.332           0.569          4.332                    1.657    -28.582          1.992              1.967            -0.340            -8.761    -128.676      61.135                   0.000                0.000 23 4A4T
-134.444    -52.548      5.721           0.686          3.145                    1.320    -28.658          1.884              1.768             0.000             0.000    -125.708      57.948                   0.000                0.000 24 4A4T
-137.487    -52.337      4.376           0.497          3.791                    0.472    -30.307          3.201              2.110            -0.419            -2.488    -124.951      58.569                   0.000                0.000 25 4A4T
-156.960    -52.440      4.459           0.707          2.717                    1.958    -30.436          2.898              1.781             0.000             0.000    -148.028      59.424                   0.000                0.000 26 4A4T
-128.533    -43.990      3.537           0.666          2.048                    0.595    -29.341          6.404              5.828             0.000             0.000    -130.477      56.196                   0.000                0.000 27 4A4T
-124.335    -45.865      3.749           1.132          3.980                    1.423    -27.912          6.048              3.912             0.000            -4.698    -130.751      64.648                   0.000                0.000 28 4A4T
 -69.415    -45.481     16.622           6.673          5.165                    2.669    -26.172          6.116             13.304            -0.295            -0.376    -125.774      78.135                   0.000                0.000 29 4A4T
-146.628    -54.290      3.711           0.481          1.819                    0.733    -32.439          1.137              2.397             0.000             0.000    -130.318      60.142                   0.000                0.000 2 4A4T
-120.094    -49.996      7.031           0.811          3.639                    0.391    -26.891          2.814              4.822            -0.747            -2.971    -124.395      65.397                   0.000                0.000 30 4A4T
-130.463    -55.867      4.820           0.474          1.944                    0.687    -33.579          1.476              1.792             0.000             0.000    -111.015      58.808                   0.000                0.000 3 4A4T
-145.886    -54.797      3.871           0.611          1.486                    0.906    -30.000          1.793              1.660             0.000             0.000    -129.293      57.876                   0.000                0.000 4 4A4T
-149.035    -55.069      3.579           0.482          1.404                    0.238    -33.070          1.013              1.707            -0.428             0.000    -131.605      62.714                   0.000                0.000 5 4A4T
-144.336    -55.225      4.020           0.491          0.947                    0.533    -30.646          1.639              2.544             0.000             0.000    -130.281      61.641                   0.000                0.000 6 4A4T
-149.736    -57.086      3.959           0.499          2.200                    0.203    -31.764          1.530              2.021             0.000            -5.012    -126.169      59.885                   0.000                0.000 7 4A4T
-152.179    -58.120      4.138           0.491          1.262                    0.257    -31.153          1.294              1.426             0.000             0.000    -133.259      61.485                   0.000                0.000 8 4A4T
-145.652    -57.562      6.655           0.598          2.265                   -0.287    -32.785          1.125              2.347            -0.178            -4.928    -126.218      63.316                   0.000                0.000 9 4A4T
