   score     fa_atr     fa_rep    fa_intra_rep    lk_nonpolar    fa_elec_rna_phos_phos    ch_bond    rna_torsion    rna_sugar_close    hbond_sr_bb_sc    hbond_lr_bb_sc    hbond_sc    geom_sol    atom_pair_constraint    linear_chainbreak       conformation id
-155.823    -59.260      5.193           0.794          1.418                    0.492    -32.037          1.288              2.130             0.000             0.000    -137.581      61.739                   0.000                0.000 10 4A4U
-148.915    -54.835      3.896           0.477          1.712                    0.639    -30.108          0.991              2.275             0.000            -4.410    -129.913      60.360                   0.000                0.000 11 4A4U
-142.887    -57.670      3.730           0.484          2.243                    0.698    -32.658          1.203              1.870             0.000            -3.816    -115.832      56.861                   0.000                0.000 12 4A4U
-148.277    -55.133      4.204           0.751          0.902                    0.051    -29.517          2.087              2.055            -0.296             0.000    -135.987      62.604                   0.000                0.000 13 4A4U
-152.079    -59.950      3.758           0.487          2.162                    0.371    -32.328          1.096              2.196             0.000             0.000    -131.021      61.151                   0.000                0.000 14 4A4U
-146.876    -54.331      3.478           0.511          0.596                    0.207    -28.967          1.715              1.162             0.000             0.000    -125.975      54.729                   0.000                0.000 15 4A4U
-144.143    -52.133      4.815           0.495          2.625                    0.953    -33.814          1.286              2.059             0.000             0.000    -129.799      59.368                   0.000                0.000 16 4A4U
-153.110    -59.175      6.179           0.483          1.478                   -0.201    -30.355          0.886              1.912             0.000             0.000    -138.120      63.803                   0.000                0.000 17 4A4U
-147.507    -57.364      4.266           0.484          0.767                    0.437    -28.697          1.767              2.324            -0.401             0.000    -130.467      59.378                   0.000                0.000 18 4A4U
-144.291    -58.128      3.567           0.492          1.639                    0.689    -31.488          1.190              1.601             0.000             0.000    -120.120      56.269                   0.000                0.000 19 4A4U
-133.182    -55.466      7.130           0.532          2.215                    1.237    -29.700          3.174              2.953            -1.238             0.000    -127.539      63.520                   0.000                0.000 1 4A4U
-145.476    -55.715      3.693           0.480          1.713                    0.674    -32.442          0.928              1.568             0.000             0.000    -125.247      58.872                   0.000                0.000 20 4A4U
-139.111    -51.224      4.719           0.599          1.464                    1.461    -32.119          2.383              1.760             0.000            -3.375    -121.400      56.620                   0.000                0.000 21 4A4U
-142.702    -54.716      4.682           0.593          1.040                    0.967    -31.814          2.176              1.734            -0.262             0.000    -125.656      58.555                   0.000                0.000 22 4A4U
-138.571    -55.325      3.833           0.518          2.492                    0.281    -31.516          1.671              1.680             0.000             0.000    -120.071      57.865                   0.000                0.000 23 4A4U
-127.636    -50.659      3.902           0.823          2.358                    0.515    -26.715          2.423              2.290            -0.340            -4.010    -114.015      55.791                   0.000                0.000 24 4A4U
-147.545    -54.979      4.242           0.567          2.061                    0.508    -30.601          2.073              3.475             0.000            -2.754    -134.775      62.638                   0.000                0.000 25 4A4U
-139.687    -48.351      3.731           0.719          4.057                    1.588    -32.496          2.544              3.268            -0.039            -9.825    -124.705      59.822                   0.000                0.000 26 4A4U
-133.905    -54.717      8.858           0.545          1.817                    1.234    -29.638          2.258              1.438             0.000             0.000    -125.157      59.457                   0.000                0.000 27 4A4U
-139.139    -47.922      3.293           0.960          1.967                    0.345    -25.985          3.248              4.116             0.000            -7.410    -125.911      54.159                   0.000                0.000 28 4A4U
-130.536    -45.108      3.569           0.896          4.258                    1.604    -28.995          2.653              1.583             0.000           -16.526    -114.186      59.717                   0.000                0.000 29 4A4U
-137.801    -57.227      4.511           1.060          2.244                    0.063    -27.439          2.331              2.215            -1.308             0.000    -129.398      65.147                   0.000                0.000 2 4A4U
-140.620    -55.146      3.710           0.612          1.711                    0.778    -27.524          1.472              2.058             0.000             0.000    -125.738      57.447                   0.000                0.000 30 4A4U
-140.068    -57.155      4.803           1.249          1.986                    0.525    -26.014          2.577              2.194            -1.683             0.000    -132.501      63.951                   0.000                0.000 3 4A4U
-138.851    -55.056      3.511           0.480          1.234                    0.740    -30.294          1.586              1.809            -0.139             0.000    -119.363      56.638                   0.000                0.000 4 4A4U
-146.534    -56.697      4.160           0.475          1.052                    0.568    -31.820          0.832              2.520            -0.377             0.000    -130.333      63.087                   0.000                0.000 5 4A4U
-150.575    -56.833      3.897           0.486          0.671                    0.584    -30.108          1.479              1.185             0.000            -4.897    -126.018      58.980                   0.000                0.000 6 4A4U
-151.840    -55.993      3.361           0.484          1.236                    0.691    -32.236          0.935              1.303             0.000             0.000    -130.780      59.158                   0.000                0.000 7 4A4U
-148.728    -54.255      3.298           0.500          1.202                    0.245    -29.496          1.876              1.169             0.000             0.000    -130.844      57.577                   0.000                0.000 8 4A4U
-151.759    -58.621      4.184           0.489          1.470                    0.309    -33.131          1.009              2.568             0.000             0.000    -134.029      63.991                   0.000                0.000 9 4A4U
